# Histogram: 3313
# Gate on Y from 41 to 41
# File: /SCRATCH/DScratch3/jeremy/utkscan_output/micronet4/individ_runs/097/0975300_23Jan2018_2105.24/0975300.his
#X  N  dN
0.5 9 3
1.5 0 1
2.5 3 1.73205
3.5 3 1.73205
4.5 1 1
5.5 1 1
6.5 2 1.41421
7.5 2 1.41421
8.5 2 1.41421
9.5 1 1
10.5 1 1
11.5 4 2
12.5 2 1.41421
13.5 2 1.41421
14.5 8 2.82843
15.5 2 1.41421
16.5 2 1.41421
17.5 1 1
18.5 3 1.73205
19.5 2 1.41421
20.5 0 1
21.5 1 1
22.5 1 1
23.5 2 1.41421
24.5 2 1.41421
25.5 0 1
26.5 2 1.41421
27.5 1 1
28.5 2 1.41421
29.5 3 1.73205
30.5 5 2.23607
31.5 1 1
32.5 2 1.41421
33.5 3 1.73205
34.5 7 2.64575
35.5 2 1.41421
36.5 2 1.41421
37.5 3 1.73205
38.5 0 1
39.5 1 1
40.5 1 1
41.5 1 1
42.5 1 1
43.5 3 1.73205
44.5 1 1
45.5 4 2
46.5 1 1
47.5 1 1
48.5 0 1
49.5 3 1.73205
50.5 2 1.41421
51.5 4 2
52.5 1 1
53.5 3 1.73205
54.5 6 2.44949
55.5 3 1.73205
56.5 0 1
57.5 4 2
58.5 8 2.82843
59.5 4 2
60.5 5 2.23607
61.5 1 1
62.5 0 1
63.5 1 1
64.5 3 1.73205
65.5 4 2
66.5 1 1
67.5 3 1.73205
68.5 0 1
69.5 2 1.41421
70.5 1 1
71.5 1 1
72.5 3 1.73205
73.5 1 1
74.5 1 1
75.5 0 1
76.5 2 1.41421
77.5 0 1
78.5 4 2
79.5 4 2
80.5 3 1.73205
81.5 7 2.64575
82.5 2 1.41421
83.5 2 1.41421
84.5 3 1.73205
85.5 2 1.41421
86.5 2 1.41421
87.5 2 1.41421
88.5 0 1
89.5 2 1.41421
90.5 2 1.41421
91.5 3 1.73205
92.5 3 1.73205
93.5 4 2
94.5 5 2.23607
95.5 2 1.41421
96.5 0 1
97.5 3 1.73205
98.5 1 1
99.5 1 1
100.5 2 1.41421
101.5 3 1.73205
102.5 3 1.73205
103.5 3 1.73205
104.5 1 1
105.5 3 1.73205
106.5 0 1
107.5 4 2
108.5 2 1.41421
109.5 1 1
110.5 2 1.41421
111.5 2 1.41421
112.5 4 2
113.5 4 2
114.5 2 1.41421
115.5 2 1.41421
116.5 0 1
117.5 0 1
118.5 1 1
119.5 3 1.73205
120.5 1 1
121.5 0 1
122.5 4 2
123.5 5 2.23607
124.5 2 1.41421
125.5 3 1.73205
126.5 3 1.73205
127.5 2 1.41421
128.5 1 1
129.5 1 1
130.5 9 3
131.5 2 1.41421
132.5 3 1.73205
133.5 0 1
134.5 1 1
135.5 4 2
136.5 0 1
137.5 2 1.41421
138.5 2 1.41421
139.5 3 1.73205
140.5 2 1.41421
141.5 2 1.41421
142.5 3 1.73205
143.5 6 2.44949
144.5 5 2.23607
145.5 4 2
146.5 1 1
147.5 1 1
148.5 4 2
149.5 1 1
150.5 2 1.41421
151.5 1 1
152.5 2 1.41421
153.5 3 1.73205
154.5 4 2
155.5 4 2
156.5 2 1.41421
157.5 1 1
158.5 0 1
159.5 3 1.73205
160.5 1 1
161.5 1 1
162.5 2 1.41421
163.5 1 1
164.5 4 2
165.5 1 1
166.5 5 2.23607
167.5 2 1.41421
168.5 2 1.41421
169.5 1 1
170.5 1 1
171.5 1 1
172.5 2 1.41421
173.5 2 1.41421
174.5 0 1
175.5 1 1
176.5 2 1.41421
177.5 3 1.73205
178.5 4 2
179.5 4 2
180.5 0 1
181.5 1 1
182.5 3 1.73205
183.5 3 1.73205
184.5 3 1.73205
185.5 5 2.23607
186.5 5 2.23607
187.5 2 1.41421
188.5 6 2.44949
189.5 2 1.41421
190.5 3 1.73205
191.5 3 1.73205
192.5 0 1
193.5 3 1.73205
194.5 1 1
195.5 4 2
196.5 4 2
197.5 1 1
198.5 3 1.73205
199.5 3 1.73205
200.5 0 1
201.5 1 1
202.5 3 1.73205
203.5 2 1.41421
204.5 4 2
205.5 0 1
206.5 1 1
207.5 2 1.41421
208.5 3 1.73205
209.5 1 1
210.5 1 1
211.5 0 1
212.5 1 1
213.5 1 1
214.5 0 1
215.5 0 1
216.5 1 1
217.5 2 1.41421
218.5 5 2.23607
219.5 0 1
220.5 2 1.41421
221.5 4 2
222.5 1 1
223.5 0 1
224.5 5 2.23607
225.5 3 1.73205
226.5 1 1
227.5 1 1
228.5 2 1.41421
229.5 1 1
230.5 0 1
231.5 1 1
232.5 5 2.23607
233.5 0 1
234.5 0 1
235.5 0 1
236.5 2 1.41421
237.5 4 2
238.5 5 2.23607
239.5 4 2
240.5 1 1
241.5 3 1.73205
242.5 6 2.44949
243.5 2 1.41421
244.5 1 1
245.5 5 2.23607
246.5 3 1.73205
247.5 4 2
248.5 5 2.23607
249.5 2 1.41421
250.5 0 1
251.5 4 2
252.5 0 1
253.5 5 2.23607
254.5 1 1
255.5 0 1
256.5 3 1.73205
257.5 1 1
258.5 0 1
259.5 4 2
260.5 3 1.73205
261.5 3 1.73205
262.5 2 1.41421
263.5 4 2
264.5 5 2.23607
265.5 2 1.41421
266.5 4 2
267.5 1 1
268.5 2 1.41421
269.5 1 1
270.5 2 1.41421
271.5 2 1.41421
272.5 2 1.41421
273.5 1 1
274.5 4 2
275.5 4 2
276.5 2 1.41421
277.5 3 1.73205
278.5 0 1
279.5 2 1.41421
280.5 2 1.41421
281.5 3 1.73205
282.5 3 1.73205
283.5 1 1
284.5 1 1
285.5 2 1.41421
286.5 5 2.23607
287.5 1 1
288.5 2 1.41421
289.5 1 1
290.5 0 1
291.5 1 1
292.5 3 1.73205
293.5 1 1
294.5 2 1.41421
295.5 3 1.73205
296.5 0 1
297.5 0 1
298.5 3 1.73205
299.5 2 1.41421
300.5 1 1
301.5 2 1.41421
302.5 2 1.41421
303.5 1 1
304.5 1 1
305.5 2 1.41421
306.5 3 1.73205
307.5 1 1
308.5 3 1.73205
309.5 1 1
310.5 1 1
311.5 3 1.73205
312.5 2 1.41421
313.5 4 2
314.5 1 1
315.5 2 1.41421
316.5 0 1
317.5 1 1
318.5 1 1
319.5 4 2
320.5 1 1
321.5 3 1.73205
322.5 1 1
323.5 3 1.73205
324.5 1 1
325.5 2 1.41421
326.5 2 1.41421
327.5 2 1.41421
328.5 4 2
329.5 2 1.41421
330.5 2 1.41421
331.5 3 1.73205
332.5 4 2
333.5 1 1
334.5 1 1
335.5 4 2
336.5 2 1.41421
337.5 0 1
338.5 6 2.44949
339.5 1 1
340.5 1 1
341.5 1 1
342.5 3 1.73205
343.5 5 2.23607
344.5 2 1.41421
345.5 3 1.73205
346.5 0 1
347.5 2 1.41421
348.5 2 1.41421
349.5 1 1
350.5 4 2
351.5 8 2.82843
352.5 4 2
353.5 2 1.41421
354.5 1 1
355.5 2 1.41421
356.5 0 1
357.5 2 1.41421
358.5 0 1
359.5 2 1.41421
360.5 1 1
361.5 1 1
362.5 3 1.73205
363.5 3 1.73205
364.5 2 1.41421
365.5 2 1.41421
366.5 3 1.73205
367.5 1 1
368.5 1 1
369.5 4 2
370.5 3 1.73205
371.5 1 1
372.5 4 2
373.5 1 1
374.5 2 1.41421
375.5 2 1.41421
376.5 2 1.41421
377.5 0 1
378.5 3 1.73205
379.5 4 2
380.5 0 1
381.5 3 1.73205
382.5 1 1
383.5 3 1.73205
384.5 0 1
385.5 1 1
386.5 2 1.41421
387.5 4 2
388.5 2 1.41421
389.5 0 1
390.5 2 1.41421
391.5 2 1.41421
392.5 2 1.41421
393.5 2 1.41421
394.5 1 1
395.5 2 1.41421
396.5 3 1.73205
397.5 0 1
398.5 5 2.23607
399.5 1 1
400.5 0 1
401.5 2 1.41421
402.5 2 1.41421
403.5 1 1
404.5 2 1.41421
405.5 3 1.73205
406.5 1 1
407.5 1 1
408.5 3 1.73205
409.5 3 1.73205
410.5 0 1
411.5 1 1
412.5 1 1
413.5 2 1.41421
414.5 1 1
415.5 1 1
416.5 2 1.41421
417.5 0 1
418.5 4 2
419.5 1 1
420.5 0 1
421.5 0 1
422.5 4 2
423.5 4 2
424.5 2 1.41421
425.5 3 1.73205
426.5 2 1.41421
427.5 2 1.41421
428.5 1 1
429.5 3 1.73205
430.5 1 1
431.5 1 1
432.5 2 1.41421
433.5 2 1.41421
434.5 3 1.73205
435.5 1 1
436.5 2 1.41421
437.5 3 1.73205
438.5 2 1.41421
439.5 4 2
440.5 3 1.73205
441.5 1 1
442.5 1 1
443.5 3 1.73205
444.5 4 2
445.5 2 1.41421
446.5 3 1.73205
447.5 2 1.41421
448.5 3 1.73205
449.5 3 1.73205
450.5 0 1
451.5 1 1
452.5 1 1
453.5 4 2
454.5 5 2.23607
455.5 2 1.41421
456.5 5 2.23607
457.5 3 1.73205
458.5 4 2
459.5 2 1.41421
460.5 3 1.73205
461.5 3 1.73205
462.5 2 1.41421
463.5 2 1.41421
464.5 3 1.73205
465.5 2 1.41421
466.5 5 2.23607
467.5 5 2.23607
468.5 3 1.73205
469.5 1 1
470.5 3 1.73205
471.5 4 2
472.5 4 2
473.5 4 2
474.5 6 2.44949
475.5 5 2.23607
476.5 3 1.73205
477.5 0 1
478.5 4 2
479.5 5 2.23607
480.5 2 1.41421
481.5 4 2
482.5 2 1.41421
483.5 5 2.23607
484.5 0 1
485.5 3 1.73205
486.5 4 2
487.5 1 1
488.5 2 1.41421
489.5 2 1.41421
490.5 2 1.41421
491.5 2 1.41421
492.5 1 1
493.5 2 1.41421
494.5 3 1.73205
495.5 6 2.44949
496.5 6 2.44949
497.5 3 1.73205
498.5 3 1.73205
499.5 3 1.73205
500.5 4 2
501.5 4 2
502.5 3 1.73205
503.5 4 2
504.5 4 2
505.5 1 1
506.5 4 2
507.5 1 1
508.5 6 2.44949
509.5 2 1.41421
510.5 3 1.73205
511.5 2 1.41421
512.5 3 1.73205
513.5 4 2
514.5 1 1
515.5 8 2.82843
516.5 6 2.44949
517.5 2 1.41421
518.5 5 2.23607
519.5 4 2
520.5 5 2.23607
521.5 3 1.73205
522.5 2 1.41421
523.5 1 1
524.5 6 2.44949
525.5 3 1.73205
526.5 3 1.73205
527.5 3 1.73205
528.5 5 2.23607
529.5 7 2.64575
530.5 5 2.23607
531.5 5 2.23607
532.5 3 1.73205
533.5 6 2.44949
534.5 4 2
535.5 2 1.41421
536.5 4 2
537.5 5 2.23607
538.5 5 2.23607
539.5 2 1.41421
540.5 3 1.73205
541.5 0 1
542.5 1 1
543.5 7 2.64575
544.5 4 2
545.5 6 2.44949
546.5 3 1.73205
547.5 5 2.23607
548.5 2 1.41421
549.5 3 1.73205
550.5 2 1.41421
551.5 3 1.73205
552.5 1 1
553.5 6 2.44949
554.5 3 1.73205
555.5 1 1
556.5 3 1.73205
557.5 6 2.44949
558.5 3 1.73205
559.5 1 1
560.5 3 1.73205
561.5 5 2.23607
562.5 4 2
563.5 2 1.41421
564.5 1 1
565.5 4 2
566.5 1 1
567.5 2 1.41421
568.5 3 1.73205
569.5 2 1.41421
570.5 5 2.23607
571.5 3 1.73205
572.5 5 2.23607
573.5 4 2
574.5 7 2.64575
575.5 4 2
576.5 4 2
577.5 1 1
578.5 2 1.41421
579.5 3 1.73205
580.5 3 1.73205
581.5 2 1.41421
582.5 3 1.73205
583.5 3 1.73205
584.5 4 2
585.5 6 2.44949
586.5 3 1.73205
587.5 4 2
588.5 3 1.73205
589.5 3 1.73205
590.5 5 2.23607
591.5 4 2
592.5 1 1
593.5 4 2
594.5 6 2.44949
595.5 6 2.44949
596.5 3 1.73205
597.5 1 1
598.5 6 2.44949
599.5 1 1
600.5 3 1.73205
601.5 5 2.23607
602.5 2 1.41421
603.5 4 2
604.5 4 2
605.5 4 2
606.5 3 1.73205
607.5 4 2
608.5 2 1.41421
609.5 3 1.73205
610.5 1 1
611.5 1 1
612.5 3 1.73205
613.5 6 2.44949
614.5 5 2.23607
615.5 3 1.73205
616.5 3 1.73205
617.5 5 2.23607
618.5 4 2
619.5 6 2.44949
620.5 6 2.44949
621.5 4 2
622.5 1 1
623.5 4 2
624.5 4 2
625.5 2 1.41421
626.5 6 2.44949
627.5 2 1.41421
628.5 3 1.73205
629.5 1 1
630.5 2 1.41421
631.5 1 1
632.5 3 1.73205
633.5 3 1.73205
634.5 0 1
635.5 5 2.23607
636.5 1 1
637.5 5 2.23607
638.5 4 2
639.5 2 1.41421
640.5 6 2.44949
641.5 4 2
642.5 2 1.41421
643.5 4 2
644.5 3 1.73205
645.5 0 1
646.5 2 1.41421
647.5 1 1
648.5 2 1.41421
649.5 4 2
650.5 4 2
651.5 6 2.44949
652.5 2 1.41421
653.5 1 1
654.5 5 2.23607
655.5 5 2.23607
656.5 4 2
657.5 1 1
658.5 3 1.73205
659.5 3 1.73205
660.5 6 2.44949
661.5 0 1
662.5 3 1.73205
663.5 0 1
664.5 4 2
665.5 0 1
666.5 4 2
667.5 2 1.41421
668.5 5 2.23607
669.5 3 1.73205
670.5 2 1.41421
671.5 2 1.41421
672.5 3 1.73205
673.5 6 2.44949
674.5 4 2
675.5 1 1
676.5 4 2
677.5 2 1.41421
678.5 0 1
679.5 3 1.73205
680.5 4 2
681.5 9 3
682.5 2 1.41421
683.5 2 1.41421
684.5 4 2
685.5 5 2.23607
686.5 5 2.23607
687.5 4 2
688.5 2 1.41421
689.5 5 2.23607
690.5 1 1
691.5 1 1
692.5 3 1.73205
693.5 2 1.41421
694.5 4 2
695.5 2 1.41421
696.5 3 1.73205
697.5 2 1.41421
698.5 3 1.73205
699.5 6 2.44949
700.5 6 2.44949
701.5 7 2.64575
702.5 5 2.23607
703.5 4 2
704.5 6 2.44949
705.5 7 2.64575
706.5 7 2.64575
707.5 6 2.44949
708.5 20 4.47214
709.5 34 5.83095
710.5 67 8.18535
711.5 119 10.9087
712.5 229 15.1327
713.5 434 20.8327
714.5 682 26.1151
715.5 641 25.318
716.5 483 21.9773
717.5 242 15.5563
718.5 119 10.9087
719.5 103 10.1489
720.5 76 8.7178
721.5 48 6.9282
722.5 48 6.9282
723.5 40 6.32456
724.5 36 6
725.5 34 5.83095
726.5 40 6.32456
727.5 29 5.38516
728.5 20 4.47214
729.5 24 4.89898
730.5 13 3.60555
731.5 32 5.65685
732.5 27 5.19615
733.5 13 3.60555
734.5 17 4.12311
735.5 13 3.60555
736.5 17 4.12311
737.5 8 2.82843
738.5 11 3.31662
739.5 10 3.16228
740.5 14 3.74166
741.5 19 4.3589
742.5 13 3.60555
743.5 15 3.87298
744.5 6 2.44949
745.5 13 3.60555
746.5 11 3.31662
747.5 12 3.4641
748.5 11 3.31662
749.5 6 2.44949
750.5 18 4.24264
751.5 5 2.23607
752.5 14 3.74166
753.5 9 3
754.5 10 3.16228
755.5 9 3
756.5 8 2.82843
757.5 11 3.31662
758.5 4 2
759.5 7 2.64575
760.5 8 2.82843
761.5 10 3.16228
762.5 6 2.44949
763.5 7 2.64575
764.5 5 2.23607
765.5 4 2
766.5 3 1.73205
767.5 5 2.23607
768.5 11 3.31662
769.5 4 2
770.5 3 1.73205
771.5 6 2.44949
772.5 5 2.23607
773.5 11 3.31662
774.5 4 2
775.5 5 2.23607
776.5 8 2.82843
777.5 3 1.73205
778.5 4 2
779.5 4 2
780.5 2 1.41421
781.5 5 2.23607
782.5 5 2.23607
783.5 4 2
784.5 7 2.64575
785.5 4 2
786.5 6 2.44949
787.5 10 3.16228
788.5 9 3
789.5 1 1
790.5 0 1
791.5 0 1
792.5 0 1
793.5 6 2.44949
794.5 4 2
795.5 4 2
796.5 6 2.44949
797.5 2 1.41421
798.5 4 2
799.5 5 2.23607
800.5 4 2
801.5 4 2
802.5 6 2.44949
803.5 7 2.64575
804.5 7 2.64575
805.5 3 1.73205
806.5 2 1.41421
807.5 3 1.73205
808.5 3 1.73205
809.5 4 2
810.5 6 2.44949
811.5 6 2.44949
812.5 6 2.44949
813.5 5 2.23607
814.5 3 1.73205
815.5 9 3
816.5 4 2
817.5 1 1
818.5 7 2.64575
819.5 5 2.23607
820.5 1 1
821.5 4 2
822.5 3 1.73205
823.5 1 1
824.5 3 1.73205
825.5 5 2.23607
826.5 1 1
827.5 9 3
828.5 7 2.64575
829.5 5 2.23607
830.5 4 2
831.5 7 2.64575
832.5 7 2.64575
833.5 4 2
834.5 5 2.23607
835.5 3 1.73205
836.5 7 2.64575
837.5 3 1.73205
838.5 5 2.23607
839.5 3 1.73205
840.5 7 2.64575
841.5 4 2
842.5 5 2.23607
843.5 4 2
844.5 1 1
845.5 7 2.64575
846.5 1 1
847.5 5 2.23607
848.5 4 2
849.5 3 1.73205
850.5 2 1.41421
851.5 5 2.23607
852.5 5 2.23607
853.5 2 1.41421
854.5 9 3
855.5 5 2.23607
856.5 3 1.73205
857.5 8 2.82843
858.5 4 2
859.5 2 1.41421
860.5 4 2
861.5 3 1.73205
862.5 5 2.23607
863.5 4 2
864.5 7 2.64575
865.5 2 1.41421
866.5 1 1
867.5 5 2.23607
868.5 4 2
869.5 7 2.64575
870.5 4 2
871.5 5 2.23607
872.5 6 2.44949
873.5 6 2.44949
874.5 8 2.82843
875.5 9 3
876.5 5 2.23607
877.5 3 1.73205
878.5 13 3.60555
879.5 6 2.44949
880.5 4 2
881.5 6 2.44949
882.5 6 2.44949
883.5 10 3.16228
884.5 9 3
885.5 4 2
886.5 9 3
887.5 7 2.64575
888.5 14 3.74166
889.5 6 2.44949
890.5 9 3
891.5 6 2.44949
892.5 5 2.23607
893.5 9 3
894.5 10 3.16228
895.5 3 1.73205
896.5 11 3.31662
897.5 4 2
898.5 3 1.73205
899.5 9 3
900.5 2 1.41421
901.5 8 2.82843
902.5 6 2.44949
903.5 6 2.44949
904.5 6 2.44949
905.5 9 3
906.5 8 2.82843
907.5 3 1.73205
908.5 6 2.44949
909.5 7 2.64575
910.5 4 2
911.5 5 2.23607
912.5 6 2.44949
913.5 6 2.44949
914.5 2 1.41421
915.5 4 2
916.5 11 3.31662
917.5 7 2.64575
918.5 8 2.82843
919.5 4 2
920.5 8 2.82843
921.5 6 2.44949
922.5 6 2.44949
923.5 7 2.64575
924.5 7 2.64575
925.5 6 2.44949
926.5 5 2.23607
927.5 9 3
928.5 12 3.4641
929.5 9 3
930.5 9 3
931.5 4 2
932.5 8 2.82843
933.5 5 2.23607
934.5 9 3
935.5 4 2
936.5 8 2.82843
937.5 3 1.73205
938.5 7 2.64575
939.5 6 2.44949
940.5 8 2.82843
941.5 3 1.73205
942.5 7 2.64575
943.5 5 2.23607
944.5 8 2.82843
945.5 4 2
946.5 7 2.64575
947.5 4 2
948.5 3 1.73205
949.5 5 2.23607
950.5 5 2.23607
951.5 7 2.64575
952.5 5 2.23607
953.5 5 2.23607
954.5 8 2.82843
955.5 8 2.82843
956.5 5 2.23607
957.5 5 2.23607
958.5 1 1
959.5 5 2.23607
960.5 5 2.23607
961.5 4 2
962.5 7 2.64575
963.5 11 3.31662
964.5 4 2
965.5 2 1.41421
966.5 5 2.23607
967.5 6 2.44949
968.5 8 2.82843
969.5 8 2.82843
970.5 5 2.23607
971.5 7 2.64575
972.5 11 3.31662
973.5 0 1
974.5 7 2.64575
975.5 5 2.23607
976.5 2 1.41421
977.5 4 2
978.5 4 2
979.5 6 2.44949
980.5 5 2.23607
981.5 6 2.44949
982.5 3 1.73205
983.5 6 2.44949
984.5 9 3
985.5 0 1
986.5 9 3
987.5 4 2
988.5 4 2
989.5 2 1.41421
990.5 4 2
991.5 11 3.31662
992.5 8 2.82843
993.5 4 2
994.5 1 1
995.5 6 2.44949
996.5 7 2.64575
997.5 10 3.16228
998.5 7 2.64575
999.5 4 2
1000.5 7 2.64575
1001.5 7 2.64575
1002.5 6 2.44949
1003.5 5 2.23607
1004.5 7 2.64575
1005.5 5 2.23607
1006.5 3 1.73205
1007.5 3 1.73205
1008.5 5 2.23607
1009.5 4 2
1010.5 6 2.44949
1011.5 2 1.41421
1012.5 4 2
1013.5 3 1.73205
1014.5 4 2
1015.5 3 1.73205
1016.5 6 2.44949
1017.5 2 1.41421
1018.5 5 2.23607
1019.5 8 2.82843
1020.5 4 2
1021.5 6 2.44949
1022.5 4 2
1023.5 6 2.44949
1024.5 6 2.44949
1025.5 4 2
1026.5 9 3
1027.5 6 2.44949
1028.5 10 3.16228
1029.5 7 2.64575
1030.5 4 2
1031.5 6 2.44949
1032.5 8 2.82843
1033.5 4 2
1034.5 1 1
1035.5 5 2.23607
1036.5 4 2
1037.5 4 2
1038.5 5 2.23607
1039.5 4 2
1040.5 4 2
1041.5 3 1.73205
1042.5 5 2.23607
1043.5 9 3
1044.5 6 2.44949
1045.5 1 1
1046.5 5 2.23607
1047.5 3 1.73205
1048.5 5 2.23607
1049.5 12 3.4641
1050.5 7 2.64575
1051.5 4 2
1052.5 6 2.44949
1053.5 5 2.23607
1054.5 4 2
1055.5 4 2
1056.5 7 2.64575
1057.5 2 1.41421
1058.5 4 2
1059.5 6 2.44949
1060.5 5 2.23607
1061.5 9 3
1062.5 8 2.82843
1063.5 2 1.41421
1064.5 5 2.23607
1065.5 3 1.73205
1066.5 8 2.82843
1067.5 6 2.44949
1068.5 6 2.44949
1069.5 2 1.41421
1070.5 4 2
1071.5 3 1.73205
1072.5 2 1.41421
1073.5 5 2.23607
1074.5 7 2.64575
1075.5 6 2.44949
1076.5 2 1.41421
1077.5 1 1
1078.5 7 2.64575
1079.5 7 2.64575
1080.5 7 2.64575
1081.5 5 2.23607
1082.5 6 2.44949
1083.5 8 2.82843
1084.5 7 2.64575
1085.5 4 2
1086.5 5 2.23607
1087.5 2 1.41421
1088.5 3 1.73205
1089.5 1 1
1090.5 3 1.73205
1091.5 4 2
1092.5 3 1.73205
1093.5 4 2
1094.5 5 2.23607
1095.5 8 2.82843
1096.5 2 1.41421
1097.5 7 2.64575
1098.5 5 2.23607
1099.5 3 1.73205
1100.5 5 2.23607
1101.5 8 2.82843
1102.5 6 2.44949
1103.5 5 2.23607
1104.5 8 2.82843
1105.5 4 2
1106.5 6 2.44949
1107.5 3 1.73205
1108.5 3 1.73205
1109.5 7 2.64575
1110.5 5 2.23607
1111.5 4 2
1112.5 6 2.44949
1113.5 4 2
1114.5 5 2.23607
1115.5 10 3.16228
1116.5 7 2.64575
1117.5 3 1.73205
1118.5 5 2.23607
1119.5 3 1.73205
1120.5 5 2.23607
1121.5 0 1
1122.5 10 3.16228
1123.5 5 2.23607
1124.5 5 2.23607
1125.5 3 1.73205
1126.5 3 1.73205
1127.5 1 1
1128.5 4 2
1129.5 1 1
1130.5 4 2
1131.5 8 2.82843
1132.5 3 1.73205
1133.5 4 2
1134.5 7 2.64575
1135.5 3 1.73205
1136.5 2 1.41421
1137.5 4 2
1138.5 7 2.64575
1139.5 4 2
1140.5 2 1.41421
1141.5 1 1
1142.5 2 1.41421
1143.5 3 1.73205
1144.5 6 2.44949
1145.5 4 2
1146.5 4 2
1147.5 2 1.41421
1148.5 5 2.23607
1149.5 3 1.73205
1150.5 2 1.41421
1151.5 3 1.73205
1152.5 4 2
1153.5 5 2.23607
1154.5 3 1.73205
1155.5 0 1
1156.5 3 1.73205
1157.5 2 1.41421
1158.5 3 1.73205
1159.5 3 1.73205
1160.5 5 2.23607
1161.5 4 2
1162.5 3 1.73205
1163.5 1 1
1164.5 6 2.44949
1165.5 2 1.41421
1166.5 2 1.41421
1167.5 3 1.73205
1168.5 4 2
1169.5 2 1.41421
1170.5 6 2.44949
1171.5 6 2.44949
1172.5 3 1.73205
1173.5 9 3
1174.5 5 2.23607
1175.5 3 1.73205
1176.5 3 1.73205
1177.5 8 2.82843
1178.5 5 2.23607
1179.5 4 2
1180.5 10 3.16228
1181.5 3 1.73205
1182.5 2 1.41421
1183.5 2 1.41421
1184.5 2 1.41421
1185.5 2 1.41421
1186.5 3 1.73205
1187.5 2 1.41421
1188.5 4 2
1189.5 5 2.23607
1190.5 6 2.44949
1191.5 1 1
1192.5 2 1.41421
1193.5 3 1.73205
1194.5 2 1.41421
1195.5 2 1.41421
1196.5 1 1
1197.5 10 3.16228
1198.5 5 2.23607
1199.5 1 1
1200.5 3 1.73205
1201.5 3 1.73205
1202.5 4 2
1203.5 5 2.23607
1204.5 3 1.73205
1205.5 2 1.41421
1206.5 1 1
1207.5 7 2.64575
1208.5 3 1.73205
1209.5 2 1.41421
1210.5 1 1
1211.5 5 2.23607
1212.5 2 1.41421
1213.5 6 2.44949
1214.5 4 2
1215.5 5 2.23607
1216.5 2 1.41421
1217.5 2 1.41421
1218.5 5 2.23607
1219.5 5 2.23607
1220.5 7 2.64575
1221.5 8 2.82843
1222.5 2 1.41421
1223.5 3 1.73205
1224.5 6 2.44949
1225.5 4 2
1226.5 6 2.44949
1227.5 4 2
1228.5 4 2
1229.5 3 1.73205
1230.5 2 1.41421
1231.5 4 2
1232.5 2 1.41421
1233.5 4 2
1234.5 2 1.41421
1235.5 3 1.73205
1236.5 3 1.73205
1237.5 7 2.64575
1238.5 3 1.73205
1239.5 3 1.73205
1240.5 4 2
1241.5 5 2.23607
1242.5 4 2
1243.5 6 2.44949
1244.5 6 2.44949
1245.5 3 1.73205
1246.5 3 1.73205
1247.5 3 1.73205
1248.5 2 1.41421
1249.5 5 2.23607
1250.5 7 2.64575
1251.5 4 2
1252.5 3 1.73205
1253.5 1 1
1254.5 1 1
1255.5 3 1.73205
1256.5 5 2.23607
1257.5 3 1.73205
1258.5 3 1.73205
1259.5 10 3.16228
1260.5 5 2.23607
1261.5 6 2.44949
1262.5 4 2
1263.5 4 2
1264.5 3 1.73205
1265.5 0 1
1266.5 0 1
1267.5 4 2
1268.5 0 1
1269.5 4 2
1270.5 7 2.64575
1271.5 4 2
1272.5 0 1
1273.5 11 3.31662
1274.5 5 2.23607
1275.5 3 1.73205
1276.5 6 2.44949
1277.5 3 1.73205
1278.5 3 1.73205
1279.5 4 2
1280.5 4 2
1281.5 2 1.41421
1282.5 2 1.41421
1283.5 3 1.73205
1284.5 2 1.41421
1285.5 5 2.23607
1286.5 6 2.44949
1287.5 6 2.44949
1288.5 4 2
1289.5 5 2.23607
1290.5 8 2.82843
1291.5 6 2.44949
1292.5 4 2
1293.5 2 1.41421
1294.5 5 2.23607
1295.5 2 1.41421
1296.5 7 2.64575
1297.5 4 2
1298.5 6 2.44949
1299.5 3 1.73205
1300.5 3 1.73205
1301.5 4 2
1302.5 3 1.73205
1303.5 4 2
1304.5 4 2
1305.5 4 2
1306.5 4 2
1307.5 5 2.23607
1308.5 8 2.82843
1309.5 4 2
1310.5 1 1
1311.5 2 1.41421
1312.5 4 2
1313.5 3 1.73205
1314.5 1 1
1315.5 2 1.41421
1316.5 1 1
1317.5 3 1.73205
1318.5 2 1.41421
1319.5 3 1.73205
1320.5 4 2
1321.5 5 2.23607
1322.5 5 2.23607
1323.5 3 1.73205
1324.5 5 2.23607
1325.5 2 1.41421
1326.5 4 2
1327.5 1 1
1328.5 2 1.41421
1329.5 2 1.41421
1330.5 1 1
1331.5 5 2.23607
1332.5 3 1.73205
1333.5 5 2.23607
1334.5 4 2
1335.5 1 1
1336.5 4 2
1337.5 5 2.23607
1338.5 4 2
1339.5 3 1.73205
1340.5 7 2.64575
1341.5 4 2
1342.5 3 1.73205
1343.5 3 1.73205
1344.5 4 2
1345.5 4 2
1346.5 1 1
1347.5 2 1.41421
1348.5 1 1
1349.5 0 1
1350.5 2 1.41421
1351.5 4 2
1352.5 6 2.44949
1353.5 6 2.44949
1354.5 3 1.73205
1355.5 3 1.73205
1356.5 5 2.23607
1357.5 2 1.41421
1358.5 1 1
1359.5 6 2.44949
1360.5 3 1.73205
1361.5 2 1.41421
1362.5 1 1
1363.5 3 1.73205
1364.5 1 1
1365.5 4 2
1366.5 2 1.41421
1367.5 5 2.23607
1368.5 0 1
1369.5 7 2.64575
1370.5 2 1.41421
1371.5 3 1.73205
1372.5 4 2
1373.5 4 2
1374.5 5 2.23607
1375.5 6 2.44949
1376.5 4 2
1377.5 2 1.41421
1378.5 2 1.41421
1379.5 6 2.44949
1380.5 2 1.41421
1381.5 3 1.73205
1382.5 1 1
1383.5 4 2
1384.5 5 2.23607
1385.5 4 2
1386.5 2 1.41421
1387.5 1 1
1388.5 3 1.73205
1389.5 1 1
1390.5 6 2.44949
1391.5 2 1.41421
1392.5 2 1.41421
1393.5 6 2.44949
1394.5 3 1.73205
1395.5 4 2
1396.5 4 2
1397.5 2 1.41421
1398.5 6 2.44949
1399.5 4 2
1400.5 4 2
1401.5 2 1.41421
1402.5 3 1.73205
1403.5 5 2.23607
1404.5 1 1
1405.5 1 1
1406.5 4 2
1407.5 4 2
1408.5 6 2.44949
1409.5 3 1.73205
1410.5 4 2
1411.5 3 1.73205
1412.5 1 1
1413.5 2 1.41421
1414.5 6 2.44949
1415.5 2 1.41421
1416.5 1 1
1417.5 3 1.73205
1418.5 3 1.73205
1419.5 6 2.44949
1420.5 4 2
1421.5 8 2.82843
1422.5 3 1.73205
1423.5 6 2.44949
1424.5 5 2.23607
1425.5 4 2
1426.5 3 1.73205
1427.5 6 2.44949
1428.5 1 1
1429.5 3 1.73205
1430.5 1 1
1431.5 6 2.44949
1432.5 5 2.23607
1433.5 3 1.73205
1434.5 4 2
1435.5 2 1.41421
1436.5 3 1.73205
1437.5 4 2
1438.5 3 1.73205
1439.5 1 1
1440.5 4 2
1441.5 1 1
1442.5 2 1.41421
1443.5 5 2.23607
1444.5 1 1
1445.5 7 2.64575
1446.5 1 1
1447.5 5 2.23607
1448.5 1 1
1449.5 4 2
1450.5 1 1
1451.5 2 1.41421
1452.5 4 2
1453.5 5 2.23607
1454.5 4 2
1455.5 7 2.64575
1456.5 3 1.73205
1457.5 4 2
1458.5 2 1.41421
1459.5 4 2
1460.5 3 1.73205
1461.5 2 1.41421
1462.5 3 1.73205
1463.5 2 1.41421
1464.5 5 2.23607
1465.5 4 2
1466.5 4 2
1467.5 4 2
1468.5 5 2.23607
1469.5 2 1.41421
1470.5 6 2.44949
1471.5 1 1
1472.5 1 1
1473.5 2 1.41421
1474.5 2 1.41421
1475.5 5 2.23607
1476.5 6 2.44949
1477.5 3 1.73205
1478.5 2 1.41421
1479.5 3 1.73205
1480.5 1 1
1481.5 5 2.23607
1482.5 6 2.44949
1483.5 5 2.23607
1484.5 3 1.73205
1485.5 2 1.41421
1486.5 1 1
1487.5 4 2
1488.5 7 2.64575
1489.5 7 2.64575
1490.5 7 2.64575
1491.5 2 1.41421
1492.5 4 2
1493.5 6 2.44949
1494.5 4 2
1495.5 6 2.44949
1496.5 2 1.41421
1497.5 4 2
1498.5 6 2.44949
1499.5 3 1.73205
1500.5 2 1.41421
1501.5 6 2.44949
1502.5 5 2.23607
1503.5 4 2
1504.5 4 2
1505.5 3 1.73205
1506.5 4 2
1507.5 2 1.41421
1508.5 1 1
1509.5 1 1
1510.5 3 1.73205
1511.5 1 1
1512.5 4 2
1513.5 2 1.41421
1514.5 3 1.73205
1515.5 4 2
1516.5 2 1.41421
1517.5 2 1.41421
1518.5 4 2
1519.5 2 1.41421
1520.5 5 2.23607
1521.5 1 1
1522.5 1 1
1523.5 1 1
1524.5 5 2.23607
1525.5 4 2
1526.5 2 1.41421
1527.5 4 2
1528.5 4 2
1529.5 6 2.44949
1530.5 5 2.23607
1531.5 4 2
1532.5 2 1.41421
1533.5 4 2
1534.5 5 2.23607
1535.5 3 1.73205
1536.5 4 2
1537.5 3 1.73205
1538.5 3 1.73205
1539.5 3 1.73205
1540.5 5 2.23607
1541.5 0 1
1542.5 6 2.44949
1543.5 5 2.23607
1544.5 6 2.44949
1545.5 1 1
1546.5 7 2.64575
1547.5 4 2
1548.5 2 1.41421
1549.5 1 1
1550.5 2 1.41421
1551.5 3 1.73205
1552.5 3 1.73205
1553.5 2 1.41421
1554.5 3 1.73205
1555.5 3 1.73205
1556.5 2 1.41421
1557.5 8 2.82843
1558.5 3 1.73205
1559.5 5 2.23607
1560.5 1 1
1561.5 5 2.23607
1562.5 2 1.41421
1563.5 2 1.41421
1564.5 1 1
1565.5 4 2
1566.5 5 2.23607
1567.5 2 1.41421
1568.5 2 1.41421
1569.5 0 1
1570.5 6 2.44949
1571.5 4 2
1572.5 2 1.41421
1573.5 1 1
1574.5 2 1.41421
1575.5 2 1.41421
1576.5 4 2
1577.5 2 1.41421
1578.5 1 1
1579.5 0 1
1580.5 4 2
1581.5 4 2
1582.5 6 2.44949
1583.5 5 2.23607
1584.5 1 1
1585.5 5 2.23607
1586.5 6 2.44949
1587.5 2 1.41421
1588.5 2 1.41421
1589.5 4 2
1590.5 4 2
1591.5 4 2
1592.5 4 2
1593.5 2 1.41421
1594.5 1 1
1595.5 5 2.23607
1596.5 4 2
1597.5 0 1
1598.5 4 2
1599.5 4 2
1600.5 1 1
1601.5 3 1.73205
1602.5 3 1.73205
1603.5 2 1.41421
1604.5 3 1.73205
1605.5 3 1.73205
1606.5 2 1.41421
1607.5 0 1
1608.5 0 1
1609.5 3 1.73205
1610.5 4 2
1611.5 3 1.73205
1612.5 4 2
1613.5 1 1
1614.5 2 1.41421
1615.5 4 2
1616.5 2 1.41421
1617.5 4 2
1618.5 1 1
1619.5 0 1
1620.5 7 2.64575
1621.5 3 1.73205
1622.5 1 1
1623.5 3 1.73205
1624.5 4 2
1625.5 5 2.23607
1626.5 4 2
1627.5 1 1
1628.5 4 2
1629.5 2 1.41421
1630.5 3 1.73205
1631.5 3 1.73205
1632.5 4 2
1633.5 4 2
1634.5 4 2
1635.5 3 1.73205
1636.5 3 1.73205
1637.5 3 1.73205
1638.5 5 2.23607
1639.5 5 2.23607
1640.5 2 1.41421
1641.5 3 1.73205
1642.5 3 1.73205
1643.5 3 1.73205
1644.5 3 1.73205
1645.5 1 1
1646.5 8 2.82843
1647.5 1 1
1648.5 3 1.73205
1649.5 2 1.41421
1650.5 3 1.73205
1651.5 4 2
1652.5 2 1.41421
1653.5 3 1.73205
1654.5 6 2.44949
1655.5 4 2
1656.5 3 1.73205
1657.5 2 1.41421
1658.5 2 1.41421
1659.5 2 1.41421
1660.5 4 2
1661.5 4 2
1662.5 3 1.73205
1663.5 1 1
1664.5 4 2
1665.5 1 1
1666.5 1 1
1667.5 4 2
1668.5 1 1
1669.5 2 1.41421
1670.5 4 2
1671.5 2 1.41421
1672.5 3 1.73205
1673.5 2 1.41421
1674.5 2 1.41421
1675.5 3 1.73205
1676.5 3 1.73205
1677.5 2 1.41421
1678.5 4 2
1679.5 3 1.73205
1680.5 6 2.44949
1681.5 4 2
1682.5 4 2
1683.5 7 2.64575
1684.5 6 2.44949
1685.5 3 1.73205
1686.5 7 2.64575
1687.5 6 2.44949
1688.5 1 1
1689.5 2 1.41421
1690.5 2 1.41421
1691.5 3 1.73205
1692.5 4 2
1693.5 3 1.73205
1694.5 3 1.73205
1695.5 4 2
1696.5 5 2.23607
1697.5 2 1.41421
1698.5 4 2
1699.5 3 1.73205
1700.5 1 1
1701.5 3 1.73205
1702.5 4 2
1703.5 4 2
1704.5 6 2.44949
1705.5 4 2
1706.5 1 1
1707.5 3 1.73205
1708.5 3 1.73205
1709.5 3 1.73205
1710.5 2 1.41421
1711.5 4 2
1712.5 0 1
1713.5 0 1
1714.5 3 1.73205
1715.5 4 2
1716.5 5 2.23607
1717.5 3 1.73205
1718.5 3 1.73205
1719.5 4 2
1720.5 2 1.41421
1721.5 4 2
1722.5 3 1.73205
1723.5 1 1
1724.5 2 1.41421
1725.5 0 1
1726.5 6 2.44949
1727.5 2 1.41421
1728.5 5 2.23607
1729.5 4 2
1730.5 9 3
1731.5 4 2
1732.5 5 2.23607
1733.5 2 1.41421
1734.5 1 1
1735.5 4 2
1736.5 4 2
1737.5 3 1.73205
1738.5 1 1
1739.5 6 2.44949
1740.5 7 2.64575
1741.5 4 2
1742.5 2 1.41421
1743.5 2 1.41421
1744.5 5 2.23607
1745.5 1 1
1746.5 5 2.23607
1747.5 2 1.41421
1748.5 1 1
1749.5 2 1.41421
1750.5 2 1.41421
1751.5 0 1
1752.5 1 1
1753.5 3 1.73205
1754.5 0 1
1755.5 2 1.41421
1756.5 1 1
1757.5 5 2.23607
1758.5 1 1
1759.5 2 1.41421
1760.5 5 2.23607
1761.5 4 2
1762.5 3 1.73205
1763.5 2 1.41421
1764.5 4 2
1765.5 2 1.41421
1766.5 5 2.23607
1767.5 1 1
1768.5 5 2.23607
1769.5 4 2
1770.5 4 2
1771.5 3 1.73205
1772.5 5 2.23607
1773.5 2 1.41421
1774.5 4 2
1775.5 3 1.73205
1776.5 2 1.41421
1777.5 3 1.73205
1778.5 4 2
1779.5 3 1.73205
1780.5 2 1.41421
1781.5 3 1.73205
1782.5 3 1.73205
1783.5 0 1
1784.5 2 1.41421
1785.5 0 1
1786.5 2 1.41421
1787.5 1 1
1788.5 6 2.44949
1789.5 5 2.23607
1790.5 2 1.41421
1791.5 3 1.73205
1792.5 2 1.41421
1793.5 4 2
1794.5 4 2
1795.5 4 2
1796.5 6 2.44949
1797.5 2 1.41421
1798.5 0 1
1799.5 3 1.73205
1800.5 4 2
1801.5 3 1.73205
1802.5 1 1
1803.5 0 1
1804.5 5 2.23607
1805.5 8 2.82843
1806.5 0 1
1807.5 5 2.23607
1808.5 3 1.73205
1809.5 6 2.44949
1810.5 3 1.73205
1811.5 3 1.73205
1812.5 5 2.23607
1813.5 3 1.73205
1814.5 5 2.23607
1815.5 4 2
1816.5 1 1
1817.5 4 2
1818.5 5 2.23607
1819.5 1 1
1820.5 10 3.16228
1821.5 1 1
1822.5 3 1.73205
1823.5 2 1.41421
1824.5 6 2.44949
1825.5 2 1.41421
1826.5 0 1
1827.5 6 2.44949
1828.5 6 2.44949
1829.5 7 2.64575
1830.5 1 1
1831.5 4 2
1832.5 2 1.41421
1833.5 5 2.23607
1834.5 6 2.44949
1835.5 3 1.73205
1836.5 1 1
1837.5 0 1
1838.5 5 2.23607
1839.5 7 2.64575
1840.5 5 2.23607
1841.5 2 1.41421
1842.5 2 1.41421
1843.5 2 1.41421
1844.5 3 1.73205
1845.5 2 1.41421
1846.5 1 1
1847.5 3 1.73205
1848.5 3 1.73205
1849.5 4 2
1850.5 1 1
1851.5 2 1.41421
1852.5 4 2
1853.5 6 2.44949
1854.5 4 2
1855.5 4 2
1856.5 6 2.44949
1857.5 2 1.41421
1858.5 1 1
1859.5 2 1.41421
1860.5 2 1.41421
1861.5 1 1
1862.5 1 1
1863.5 6 2.44949
1864.5 2 1.41421
1865.5 7 2.64575
1866.5 0 1
1867.5 7 2.64575
1868.5 2 1.41421
1869.5 5 2.23607
1870.5 4 2
1871.5 3 1.73205
1872.5 2 1.41421
1873.5 2 1.41421
1874.5 4 2
1875.5 5 2.23607
1876.5 4 2
1877.5 3 1.73205
1878.5 3 1.73205
1879.5 3 1.73205
1880.5 3 1.73205
1881.5 5 2.23607
1882.5 4 2
1883.5 2 1.41421
1884.5 2 1.41421
1885.5 2 1.41421
1886.5 2 1.41421
1887.5 3 1.73205
1888.5 1 1
1889.5 2 1.41421
1890.5 1 1
1891.5 1 1
1892.5 1 1
1893.5 4 2
1894.5 5 2.23607
1895.5 2 1.41421
1896.5 3 1.73205
1897.5 6 2.44949
1898.5 2 1.41421
1899.5 5 2.23607
1900.5 2 1.41421
1901.5 4 2
1902.5 5 2.23607
1903.5 3 1.73205
1904.5 2 1.41421
1905.5 4 2
1906.5 1 1
1907.5 4 2
1908.5 5 2.23607
1909.5 3 1.73205
1910.5 7 2.64575
1911.5 3 1.73205
1912.5 3 1.73205
1913.5 2 1.41421
1914.5 3 1.73205
1915.5 3 1.73205
1916.5 2 1.41421
1917.5 3 1.73205
1918.5 2 1.41421
1919.5 2 1.41421
1920.5 0 1
1921.5 1 1
1922.5 5 2.23607
1923.5 3 1.73205
1924.5 5 2.23607
1925.5 7 2.64575
1926.5 3 1.73205
1927.5 3 1.73205
1928.5 2 1.41421
1929.5 2 1.41421
1930.5 4 2
1931.5 5 2.23607
1932.5 2 1.41421
1933.5 2 1.41421
1934.5 0 1
1935.5 3 1.73205
1936.5 2 1.41421
1937.5 6 2.44949
1938.5 2 1.41421
1939.5 5 2.23607
1940.5 2 1.41421
1941.5 2 1.41421
1942.5 5 2.23607
1943.5 3 1.73205
1944.5 7 2.64575
1945.5 0 1
1946.5 5 2.23607
1947.5 0 1
1948.5 3 1.73205
1949.5 5 2.23607
1950.5 3 1.73205
1951.5 1 1
1952.5 4 2
1953.5 5 2.23607
1954.5 2 1.41421
1955.5 5 2.23607
1956.5 0 1
1957.5 3 1.73205
1958.5 2 1.41421
1959.5 1 1
1960.5 2 1.41421
1961.5 3 1.73205
1962.5 4 2
1963.5 1 1
1964.5 6 2.44949
1965.5 3 1.73205
1966.5 1 1
1967.5 1 1
1968.5 4 2
1969.5 3 1.73205
1970.5 4 2
1971.5 1 1
1972.5 5 2.23607
1973.5 2 1.41421
1974.5 4 2
1975.5 3 1.73205
1976.5 3 1.73205
1977.5 3 1.73205
1978.5 2 1.41421
1979.5 2 1.41421
1980.5 0 1
1981.5 3 1.73205
1982.5 3 1.73205
1983.5 7 2.64575
1984.5 1 1
1985.5 3 1.73205
1986.5 1 1
1987.5 8 2.82843
1988.5 6 2.44949
1989.5 4 2
1990.5 2 1.41421
1991.5 4 2
1992.5 0 1
1993.5 2 1.41421
1994.5 2 1.41421
1995.5 3 1.73205
1996.5 3 1.73205
1997.5 1 1
1998.5 5 2.23607
1999.5 5 2.23607
2000.5 6 2.44949
2001.5 1 1
2002.5 3 1.73205
2003.5 4 2
2004.5 1 1
2005.5 4 2
2006.5 3 1.73205
2007.5 4 2
2008.5 1 1
2009.5 2 1.41421
2010.5 0 1
2011.5 3 1.73205
2012.5 3 1.73205
2013.5 9 3
2014.5 6 2.44949
2015.5 2 1.41421
2016.5 1 1
2017.5 6 2.44949
2018.5 5 2.23607
2019.5 1 1
2020.5 2 1.41421
2021.5 3 1.73205
2022.5 1 1
2023.5 2 1.41421
2024.5 2 1.41421
2025.5 3 1.73205
2026.5 3 1.73205
2027.5 2 1.41421
2028.5 0 1
2029.5 2 1.41421
2030.5 2 1.41421
2031.5 5 2.23607
2032.5 2 1.41421
2033.5 4 2
2034.5 1 1
2035.5 2 1.41421
2036.5 2 1.41421
2037.5 1 1
2038.5 4 2
2039.5 5 2.23607
2040.5 3 1.73205
2041.5 2 1.41421
2042.5 3 1.73205
2043.5 3 1.73205
2044.5 2 1.41421
2045.5 4 2
2046.5 3 1.73205
2047.5 3 1.73205
2048.5 2 1.41421
2049.5 1 1
2050.5 4 2
2051.5 3 1.73205
2052.5 4 2
2053.5 4 2
2054.5 4 2
2055.5 2 1.41421
2056.5 2 1.41421
2057.5 2 1.41421
2058.5 0 1
2059.5 3 1.73205
2060.5 2 1.41421
2061.5 3 1.73205
2062.5 2 1.41421
2063.5 4 2
2064.5 5 2.23607
2065.5 3 1.73205
2066.5 3 1.73205
2067.5 3 1.73205
2068.5 2 1.41421
2069.5 3 1.73205
2070.5 3 1.73205
2071.5 3 1.73205
2072.5 2 1.41421
2073.5 4 2
2074.5 5 2.23607
2075.5 2 1.41421
2076.5 4 2
2077.5 6 2.44949
2078.5 2 1.41421
2079.5 2 1.41421
2080.5 1 1
2081.5 1 1
2082.5 3 1.73205
2083.5 3 1.73205
2084.5 3 1.73205
2085.5 0 1
2086.5 3 1.73205
2087.5 7 2.64575
2088.5 2 1.41421
2089.5 5 2.23607
2090.5 3 1.73205
2091.5 1 1
2092.5 1 1
2093.5 5 2.23607
2094.5 1 1
2095.5 8 2.82843
2096.5 3 1.73205
2097.5 5 2.23607
2098.5 3 1.73205
2099.5 2 1.41421
2100.5 4 2
2101.5 4 2
2102.5 2 1.41421
2103.5 2 1.41421
2104.5 2 1.41421
2105.5 4 2
2106.5 2 1.41421
2107.5 4 2
2108.5 1 1
2109.5 4 2
2110.5 2 1.41421
2111.5 8 2.82843
2112.5 2 1.41421
2113.5 3 1.73205
2114.5 3 1.73205
2115.5 2 1.41421
2116.5 1 1
2117.5 3 1.73205
2118.5 4 2
2119.5 6 2.44949
2120.5 6 2.44949
2121.5 4 2
2122.5 4 2
2123.5 4 2
2124.5 3 1.73205
2125.5 4 2
2126.5 5 2.23607
2127.5 2 1.41421
2128.5 3 1.73205
2129.5 3 1.73205
2130.5 3 1.73205
2131.5 5 2.23607
2132.5 4 2
2133.5 3 1.73205
2134.5 1 1
2135.5 5 2.23607
2136.5 2 1.41421
2137.5 4 2
2138.5 5 2.23607
2139.5 5 2.23607
2140.5 2 1.41421
2141.5 1 1
2142.5 2 1.41421
2143.5 2 1.41421
2144.5 1 1
2145.5 5 2.23607
2146.5 4 2
2147.5 3 1.73205
2148.5 2 1.41421
2149.5 6 2.44949
2150.5 6 2.44949
2151.5 1 1
2152.5 5 2.23607
2153.5 1 1
2154.5 5 2.23607
2155.5 0 1
2156.5 4 2
2157.5 3 1.73205
2158.5 2 1.41421
2159.5 2 1.41421
2160.5 2 1.41421
2161.5 5 2.23607
2162.5 2 1.41421
2163.5 3 1.73205
2164.5 0 1
2165.5 1 1
2166.5 5 2.23607
2167.5 3 1.73205
2168.5 7 2.64575
2169.5 5 2.23607
2170.5 4 2
2171.5 9 3
2172.5 2 1.41421
2173.5 1 1
2174.5 3 1.73205
2175.5 4 2
2176.5 2 1.41421
2177.5 4 2
2178.5 2 1.41421
2179.5 3 1.73205
2180.5 3 1.73205
2181.5 4 2
2182.5 4 2
2183.5 2 1.41421
2184.5 2 1.41421
2185.5 3 1.73205
2186.5 0 1
2187.5 4 2
2188.5 1 1
2189.5 0 1
2190.5 3 1.73205
2191.5 1 1
2192.5 2 1.41421
2193.5 3 1.73205
2194.5 5 2.23607
2195.5 6 2.44949
2196.5 2 1.41421
2197.5 1 1
2198.5 3 1.73205
2199.5 4 2
2200.5 2 1.41421
2201.5 5 2.23607
2202.5 2 1.41421
2203.5 6 2.44949
2204.5 3 1.73205
2205.5 1 1
2206.5 0 1
2207.5 2 1.41421
2208.5 3 1.73205
2209.5 3 1.73205
2210.5 2 1.41421
2211.5 6 2.44949
2212.5 1 1
2213.5 5 2.23607
2214.5 0 1
2215.5 3 1.73205
2216.5 2 1.41421
2217.5 2 1.41421
2218.5 2 1.41421
2219.5 5 2.23607
2220.5 5 2.23607
2221.5 0 1
2222.5 3 1.73205
2223.5 4 2
2224.5 2 1.41421
2225.5 1 1
2226.5 2 1.41421
2227.5 4 2
2228.5 1 1
2229.5 2 1.41421
2230.5 2 1.41421
2231.5 5 2.23607
2232.5 5 2.23607
2233.5 3 1.73205
2234.5 2 1.41421
2235.5 0 1
2236.5 1 1
2237.5 3 1.73205
2238.5 3 1.73205
2239.5 5 2.23607
2240.5 8 2.82843
2241.5 6 2.44949
2242.5 5 2.23607
2243.5 1 1
2244.5 1 1
2245.5 0 1
2246.5 0 1
2247.5 1 1
2248.5 2 1.41421
2249.5 1 1
2250.5 2 1.41421
2251.5 2 1.41421
2252.5 2 1.41421
2253.5 1 1
2254.5 1 1
2255.5 1 1
2256.5 1 1
2257.5 4 2
2258.5 2 1.41421
2259.5 1 1
2260.5 3 1.73205
2261.5 3 1.73205
2262.5 6 2.44949
2263.5 3 1.73205
2264.5 4 2
2265.5 1 1
2266.5 3 1.73205
2267.5 2 1.41421
2268.5 1 1
2269.5 6 2.44949
2270.5 4 2
2271.5 4 2
2272.5 1 1
2273.5 1 1
2274.5 0 1
2275.5 6 2.44949
2276.5 2 1.41421
2277.5 3 1.73205
2278.5 1 1
2279.5 3 1.73205
2280.5 1 1
2281.5 4 2
2282.5 3 1.73205
2283.5 7 2.64575
2284.5 1 1
2285.5 4 2
2286.5 3 1.73205
2287.5 1 1
2288.5 2 1.41421
2289.5 5 2.23607
2290.5 1 1
2291.5 2 1.41421
2292.5 4 2
2293.5 4 2
2294.5 2 1.41421
2295.5 3 1.73205
2296.5 1 1
2297.5 2 1.41421
2298.5 3 1.73205
2299.5 3 1.73205
2300.5 1 1
2301.5 7 2.64575
2302.5 2 1.41421
2303.5 1 1
2304.5 2 1.41421
2305.5 3 1.73205
2306.5 2 1.41421
2307.5 7 2.64575
2308.5 4 2
2309.5 3 1.73205
2310.5 4 2
2311.5 1 1
2312.5 2 1.41421
2313.5 1 1
2314.5 6 2.44949
2315.5 4 2
2316.5 1 1
2317.5 5 2.23607
2318.5 0 1
2319.5 1 1
2320.5 0 1
2321.5 6 2.44949
2322.5 3 1.73205
2323.5 2 1.41421
2324.5 4 2
2325.5 6 2.44949
2326.5 1 1
2327.5 0 1
2328.5 1 1
2329.5 6 2.44949
2330.5 5 2.23607
2331.5 1 1
2332.5 1 1
2333.5 0 1
2334.5 4 2
2335.5 1 1
2336.5 1 1
2337.5 1 1
2338.5 0 1
2339.5 1 1
2340.5 2 1.41421
2341.5 2 1.41421
2342.5 4 2
2343.5 2 1.41421
2344.5 1 1
2345.5 5 2.23607
2346.5 0 1
2347.5 2 1.41421
2348.5 3 1.73205
2349.5 1 1
2350.5 2 1.41421
2351.5 4 2
2352.5 2 1.41421
2353.5 3 1.73205
2354.5 1 1
2355.5 4 2
2356.5 2 1.41421
2357.5 0 1
2358.5 2 1.41421
2359.5 2 1.41421
2360.5 0 1
2361.5 3 1.73205
2362.5 2 1.41421
2363.5 1 1
2364.5 1 1
2365.5 2 1.41421
2366.5 0 1
2367.5 0 1
2368.5 3 1.73205
2369.5 5 2.23607
2370.5 2 1.41421
2371.5 2 1.41421
2372.5 2 1.41421
2373.5 3 1.73205
2374.5 5 2.23607
2375.5 1 1
2376.5 0 1
2377.5 1 1
2378.5 1 1
2379.5 5 2.23607
2380.5 1 1
2381.5 2 1.41421
2382.5 3 1.73205
2383.5 2 1.41421
2384.5 3 1.73205
2385.5 3 1.73205
2386.5 1 1
2387.5 3 1.73205
2388.5 4 2
2389.5 3 1.73205
2390.5 3 1.73205
2391.5 1 1
2392.5 3 1.73205
2393.5 3 1.73205
2394.5 4 2
2395.5 0 1
2396.5 3 1.73205
2397.5 2 1.41421
2398.5 4 2
2399.5 3 1.73205
2400.5 1 1
2401.5 0 1
2402.5 3 1.73205
2403.5 1 1
2404.5 3 1.73205
2405.5 2 1.41421
2406.5 2 1.41421
2407.5 2 1.41421
2408.5 2 1.41421
2409.5 0 1
2410.5 2 1.41421
2411.5 3 1.73205
2412.5 3 1.73205
2413.5 1 1
2414.5 2 1.41421
2415.5 2 1.41421
2416.5 3 1.73205
2417.5 3 1.73205
2418.5 2 1.41421
2419.5 2 1.41421
2420.5 2 1.41421
2421.5 1 1
2422.5 4 2
2423.5 4 2
2424.5 4 2
2425.5 1 1
2426.5 1 1
2427.5 1 1
2428.5 1 1
2429.5 1 1
2430.5 4 2
2431.5 1 1
2432.5 3 1.73205
2433.5 2 1.41421
2434.5 0 1
2435.5 2 1.41421
2436.5 3 1.73205
2437.5 2 1.41421
2438.5 3 1.73205
2439.5 1 1
2440.5 0 1
2441.5 6 2.44949
2442.5 0 1
2443.5 3 1.73205
2444.5 2 1.41421
2445.5 2 1.41421
2446.5 3 1.73205
2447.5 1 1
2448.5 2 1.41421
2449.5 1 1
2450.5 2 1.41421
2451.5 0 1
2452.5 4 2
2453.5 4 2
2454.5 1 1
2455.5 1 1
2456.5 1 1
2457.5 1 1
2458.5 1 1
2459.5 1 1
2460.5 1 1
2461.5 0 1
2462.5 0 1
2463.5 2 1.41421
2464.5 1 1
2465.5 2 1.41421
2466.5 3 1.73205
2467.5 6 2.44949
2468.5 2 1.41421
2469.5 1 1
2470.5 2 1.41421
2471.5 4 2
2472.5 3 1.73205
2473.5 0 1
2474.5 3 1.73205
2475.5 4 2
2476.5 5 2.23607
2477.5 1 1
2478.5 0 1
2479.5 1 1
2480.5 5 2.23607
2481.5 4 2
2482.5 3 1.73205
2483.5 2 1.41421
2484.5 1 1
2485.5 1 1
2486.5 0 1
2487.5 1 1
2488.5 0 1
2489.5 1 1
2490.5 5 2.23607
2491.5 0 1
2492.5 1 1
2493.5 1 1
2494.5 1 1
2495.5 1 1
2496.5 0 1
2497.5 0 1
2498.5 0 1
2499.5 0 1
2500.5 0 1
2501.5 2 1.41421
2502.5 2 1.41421
2503.5 0 1
2504.5 0 1
2505.5 2 1.41421
2506.5 0 1
2507.5 0 1
2508.5 4 2
2509.5 1 1
2510.5 2 1.41421
2511.5 1 1
2512.5 0 1
2513.5 2 1.41421
2514.5 3 1.73205
2515.5 0 1
2516.5 0 1
2517.5 2 1.41421
2518.5 0 1
2519.5 0 1
2520.5 2 1.41421
2521.5 1 1
2522.5 2 1.41421
2523.5 0 1
2524.5 1 1
2525.5 1 1
2526.5 1 1
2527.5 0 1
2528.5 1 1
2529.5 1 1
2530.5 0 1
2531.5 0 1
2532.5 1 1
2533.5 1 1
2534.5 0 1
2535.5 1 1
2536.5 0 1
2537.5 1 1
2538.5 1 1
2539.5 0 1
2540.5 0 1
2541.5 2 1.41421
2542.5 1 1
2543.5 0 1
2544.5 1 1
2545.5 0 1
2546.5 0 1
2547.5 1 1
2548.5 0 1
2549.5 0 1
2550.5 2 1.41421
2551.5 0 1
2552.5 1 1
2553.5 0 1
2554.5 1 1
2555.5 0 1
2556.5 0 1
2557.5 0 1
2558.5 0 1
2559.5 2 1.41421
2560.5 1 1
2561.5 0 1
2562.5 0 1
2563.5 1 1
2564.5 1 1
2565.5 0 1
2566.5 2 1.41421
2567.5 1 1
2568.5 0 1
2569.5 0 1
2570.5 0 1
2571.5 0 1
2572.5 0 1
2573.5 0 1
2574.5 2 1.41421
2575.5 0 1
2576.5 1 1
2577.5 0 1
2578.5 0 1
2579.5 0 1
2580.5 0 1
2581.5 1 1
2582.5 0 1
2583.5 3 1.73205
2584.5 1 1
2585.5 0 1
2586.5 0 1
2587.5 0 1
2588.5 0 1
2589.5 0 1
2590.5 0 1
2591.5 1 1
2592.5 0 1
2593.5 1 1
2594.5 1 1
2595.5 0 1
2596.5 1 1
2597.5 0 1
2598.5 0 1
2599.5 1 1
2600.5 0 1
2601.5 0 1
2602.5 0 1
2603.5 0 1
2604.5 0 1
2605.5 0 1
2606.5 1 1
2607.5 0 1
2608.5 0 1
2609.5 2 1.41421
2610.5 1 1
2611.5 1 1
2612.5 0 1
2613.5 0 1
2614.5 3 1.73205
2615.5 1 1
2616.5 1 1
2617.5 0 1
2618.5 0 1
2619.5 0 1
2620.5 1 1
2621.5 1 1
2622.5 2 1.41421
2623.5 0 1
2624.5 0 1
2625.5 1 1
2626.5 0 1
2627.5 0 1
2628.5 1 1
2629.5 1 1
2630.5 2 1.41421
2631.5 0 1
2632.5 1 1
2633.5 0 1
2634.5 0 1
2635.5 1 1
2636.5 0 1
2637.5 0 1
2638.5 0 1
2639.5 0 1
2640.5 1 1
2641.5 2 1.41421
2642.5 2 1.41421
2643.5 0 1
2644.5 0 1
2645.5 1 1
2646.5 0 1
2647.5 1 1
2648.5 0 1
2649.5 0 1
2650.5 1 1
2651.5 0 1
2652.5 0 1
2653.5 1 1
2654.5 1 1
2655.5 2 1.41421
2656.5 0 1
2657.5 0 1
2658.5 0 1
2659.5 0 1
2660.5 0 1
2661.5 3 1.73205
2662.5 0 1
2663.5 0 1
2664.5 0 1
2665.5 0 1
2666.5 0 1
2667.5 0 1
2668.5 0 1
2669.5 0 1
2670.5 0 1
2671.5 0 1
2672.5 0 1
2673.5 0 1
2674.5 1 1
2675.5 0 1
2676.5 0 1
2677.5 1 1
2678.5 1 1
2679.5 2 1.41421
2680.5 1 1
2681.5 1 1
2682.5 0 1
2683.5 1 1
2684.5 1 1
2685.5 0 1
2686.5 0 1
2687.5 0 1
2688.5 1 1
2689.5 0 1
2690.5 0 1
2691.5 0 1
2692.5 0 1
2693.5 0 1
2694.5 0 1
2695.5 0 1
2696.5 1 1
2697.5 0 1
2698.5 0 1
2699.5 0 1
2700.5 0 1
2701.5 0 1
2702.5 0 1
2703.5 1 1
2704.5 0 1
2705.5 1 1
2706.5 0 1
2707.5 0 1
2708.5 0 1
2709.5 0 1
2710.5 0 1
2711.5 0 1
2712.5 1 1
2713.5 0 1
2714.5 1 1
2715.5 0 1
2716.5 0 1
2717.5 0 1
2718.5 0 1
2719.5 0 1
2720.5 0 1
2721.5 0 1
2722.5 0 1
2723.5 0 1
2724.5 1 1
2725.5 0 1
2726.5 0 1
2727.5 0 1
2728.5 0 1
2729.5 2 1.41421
2730.5 0 1
2731.5 0 1
2732.5 1 1
2733.5 0 1
2734.5 1 1
2735.5 1 1
2736.5 0 1
2737.5 0 1
2738.5 1 1
2739.5 0 1
2740.5 0 1
2741.5 0 1
2742.5 0 1
2743.5 0 1
2744.5 0 1
2745.5 0 1
2746.5 0 1
2747.5 1 1
2748.5 1 1
2749.5 1 1
2750.5 0 1
2751.5 0 1
2752.5 0 1
2753.5 0 1
2754.5 1 1
2755.5 1 1
2756.5 0 1
2757.5 0 1
2758.5 0 1
2759.5 0 1
2760.5 0 1
2761.5 0 1
2762.5 0 1
2763.5 0 1
2764.5 0 1
2765.5 0 1
2766.5 1 1
2767.5 0 1
2768.5 0 1
2769.5 1 1
2770.5 0 1
2771.5 1 1
2772.5 0 1
2773.5 1 1
2774.5 0 1
2775.5 1 1
2776.5 1 1
2777.5 0 1
2778.5 0 1
2779.5 1 1
2780.5 0 1
2781.5 0 1
2782.5 2 1.41421
2783.5 1 1
2784.5 0 1
2785.5 0 1
2786.5 0 1
2787.5 0 1
2788.5 2 1.41421
2789.5 1 1
2790.5 2 1.41421
2791.5 0 1
2792.5 0 1
2793.5 0 1
2794.5 3 1.73205
2795.5 1 1
2796.5 0 1
2797.5 0 1
2798.5 1 1
2799.5 0 1
2800.5 0 1
2801.5 0 1
2802.5 1 1
2803.5 0 1
2804.5 0 1
2805.5 0 1
2806.5 1 1
2807.5 0 1
2808.5 1 1
2809.5 0 1
2810.5 1 1
2811.5 0 1
2812.5 0 1
2813.5 0 1
2814.5 0 1
2815.5 0 1
2816.5 0 1
2817.5 1 1
2818.5 1 1
2819.5 1 1
2820.5 1 1
2821.5 0 1
2822.5 0 1
2823.5 0 1
2824.5 0 1
2825.5 0 1
2826.5 0 1
2827.5 0 1
2828.5 1 1
2829.5 0 1
2830.5 1 1
2831.5 1 1
2832.5 0 1
2833.5 0 1
2834.5 0 1
2835.5 0 1
2836.5 1 1
2837.5 0 1
2838.5 0 1
2839.5 0 1
2840.5 1 1
2841.5 1 1
2842.5 0 1
2843.5 1 1
2844.5 0 1
2845.5 0 1
2846.5 0 1
2847.5 1 1
2848.5 1 1
2849.5 2 1.41421
2850.5 1 1
2851.5 0 1
2852.5 1 1
2853.5 0 1
2854.5 0 1
2855.5 1 1
2856.5 0 1
2857.5 1 1
2858.5 1 1
2859.5 0 1
2860.5 1 1
2861.5 0 1
2862.5 0 1
2863.5 1 1
2864.5 0 1
2865.5 3 1.73205
2866.5 0 1
2867.5 0 1
2868.5 0 1
2869.5 0 1
2870.5 0 1
2871.5 0 1
2872.5 0 1
2873.5 0 1
2874.5 0 1
2875.5 1 1
2876.5 0 1
2877.5 1 1
2878.5 0 1
2879.5 0 1
2880.5 0 1
2881.5 0 1
2882.5 2 1.41421
2883.5 0 1
2884.5 1 1
2885.5 0 1
2886.5 0 1
2887.5 1 1
2888.5 0 1
2889.5 0 1
2890.5 0 1
2891.5 0 1
2892.5 0 1
2893.5 2 1.41421
2894.5 0 1
2895.5 2 1.41421
2896.5 0 1
2897.5 0 1
2898.5 1 1
2899.5 0 1
2900.5 1 1
2901.5 1 1
2902.5 1 1
2903.5 1 1
2904.5 0 1
2905.5 1 1
2906.5 0 1
2907.5 0 1
2908.5 0 1
2909.5 0 1
2910.5 0 1
2911.5 0 1
2912.5 0 1
2913.5 1 1
2914.5 1 1
2915.5 0 1
2916.5 0 1
2917.5 0 1
2918.5 1 1
2919.5 0 1
2920.5 0 1
2921.5 0 1
2922.5 2 1.41421
2923.5 0 1
2924.5 2 1.41421
2925.5 1 1
2926.5 0 1
2927.5 1 1
2928.5 0 1
2929.5 0 1
2930.5 0 1
2931.5 0 1
2932.5 0 1
2933.5 0 1
2934.5 1 1
2935.5 0 1
2936.5 1 1
2937.5 1 1
2938.5 1 1
2939.5 0 1
2940.5 0 1
2941.5 0 1
2942.5 0 1
2943.5 1 1
2944.5 0 1
2945.5 0 1
2946.5 0 1
2947.5 0 1
2948.5 1 1
2949.5 0 1
2950.5 1 1
2951.5 0 1
2952.5 0 1
2953.5 0 1
2954.5 0 1
2955.5 1 1
2956.5 0 1
2957.5 0 1
2958.5 0 1
2959.5 0 1
2960.5 0 1
2961.5 0 1
2962.5 0 1
2963.5 0 1
2964.5 2 1.41421
2965.5 0 1
2966.5 1 1
2967.5 1 1
2968.5 0 1
2969.5 0 1
2970.5 0 1
2971.5 1 1
2972.5 0 1
2973.5 0 1
2974.5 0 1
2975.5 0 1
2976.5 0 1
2977.5 0 1
2978.5 0 1
2979.5 0 1
2980.5 0 1
2981.5 0 1
2982.5 0 1
2983.5 0 1
2984.5 0 1
2985.5 2 1.41421
2986.5 0 1
2987.5 0 1
2988.5 0 1
2989.5 0 1
2990.5 0 1
2991.5 1 1
2992.5 1 1
2993.5 0 1
2994.5 0 1
2995.5 0 1
2996.5 2 1.41421
2997.5 1 1
2998.5 0 1
2999.5 0 1
3000.5 0 1
3001.5 1 1
3002.5 0 1
3003.5 0 1
3004.5 0 1
3005.5 0 1
3006.5 0 1
3007.5 0 1
3008.5 3 1.73205
3009.5 0 1
3010.5 0 1
3011.5 0 1
3012.5 0 1
3013.5 0 1
3014.5 0 1
3015.5 0 1
3016.5 0 1
3017.5 0 1
3018.5 1 1
3019.5 0 1
3020.5 1 1
3021.5 0 1
3022.5 0 1
3023.5 0 1
3024.5 0 1
3025.5 0 1
3026.5 0 1
3027.5 0 1
3028.5 1 1
3029.5 0 1
3030.5 0 1
3031.5 0 1
3032.5 1 1
3033.5 0 1
3034.5 0 1
3035.5 0 1
3036.5 1 1
3037.5 0 1
3038.5 0 1
3039.5 0 1
3040.5 0 1
3041.5 0 1
3042.5 0 1
3043.5 0 1
3044.5 0 1
3045.5 1 1
3046.5 0 1
3047.5 0 1
3048.5 0 1
3049.5 0 1
3050.5 1 1
3051.5 0 1
3052.5 0 1
3053.5 0 1
3054.5 0 1
3055.5 0 1
3056.5 0 1
3057.5 0 1
3058.5 0 1
3059.5 0 1
3060.5 0 1
3061.5 0 1
3062.5 0 1
3063.5 1 1
3064.5 0 1
3065.5 0 1
3066.5 1 1
3067.5 0 1
3068.5 0 1
3069.5 0 1
3070.5 0 1
3071.5 0 1
3072.5 0 1
3073.5 0 1
3074.5 1 1
3075.5 0 1
3076.5 0 1
3077.5 0 1
3078.5 0 1
3079.5 0 1
3080.5 0 1
3081.5 0 1
3082.5 0 1
3083.5 0 1
3084.5 0 1
3085.5 1 1
3086.5 0 1
3087.5 0 1
3088.5 0 1
3089.5 0 1
3090.5 1 1
3091.5 0 1
3092.5 0 1
3093.5 0 1
3094.5 1 1
3095.5 0 1
3096.5 0 1
3097.5 0 1
3098.5 2 1.41421
3099.5 0 1
3100.5 0 1
3101.5 1 1
3102.5 0 1
3103.5 0 1
3104.5 1 1
3105.5 1 1
3106.5 0 1
3107.5 1 1
3108.5 1 1
3109.5 0 1
3110.5 0 1
3111.5 0 1
3112.5 0 1
3113.5 1 1
3114.5 0 1
3115.5 0 1
3116.5 0 1
3117.5 0 1
3118.5 0 1
3119.5 0 1
3120.5 0 1
3121.5 0 1
3122.5 0 1
3123.5 1 1
3124.5 0 1
3125.5 0 1
3126.5 1 1
3127.5 1 1
3128.5 0 1
3129.5 0 1
3130.5 0 1
3131.5 0 1
3132.5 1 1
3133.5 0 1
3134.5 0 1
3135.5 1 1
3136.5 0 1
3137.5 0 1
3138.5 0 1
3139.5 0 1
3140.5 1 1
3141.5 0 1
3142.5 0 1
3143.5 0 1
3144.5 1 1
3145.5 0 1
3146.5 0 1
3147.5 1 1
3148.5 1 1
3149.5 1 1
3150.5 1 1
3151.5 0 1
3152.5 0 1
3153.5 2 1.41421
3154.5 0 1
3155.5 0 1
3156.5 0 1
3157.5 0 1
3158.5 0 1
3159.5 0 1
3160.5 0 1
3161.5 0 1
3162.5 0 1
3163.5 0 1
3164.5 0 1
3165.5 0 1
3166.5 0 1
3167.5 0 1
3168.5 0 1
3169.5 0 1
3170.5 1 1
3171.5 1 1
3172.5 1 1
3173.5 0 1
3174.5 0 1
3175.5 0 1
3176.5 0 1
3177.5 0 1
3178.5 0 1
3179.5 0 1
3180.5 1 1
3181.5 0 1
3182.5 0 1
3183.5 0 1
3184.5 0 1
3185.5 0 1
3186.5 1 1
3187.5 1 1
3188.5 0 1
3189.5 0 1
3190.5 1 1
3191.5 0 1
3192.5 1 1
3193.5 1 1
3194.5 0 1
3195.5 1 1
3196.5 1 1
3197.5 0 1
3198.5 0 1
3199.5 0 1
3200.5 0 1
3201.5 0 1
3202.5 1 1
3203.5 0 1
3204.5 0 1
3205.5 0 1
3206.5 0 1
3207.5 1 1
3208.5 0 1
3209.5 0 1
3210.5 0 1
3211.5 1 1
3212.5 0 1
3213.5 0 1
3214.5 0 1
3215.5 1 1
3216.5 0 1
3217.5 0 1
3218.5 0 1
3219.5 0 1
3220.5 0 1
3221.5 0 1
3222.5 0 1
3223.5 0 1
3224.5 0 1
3225.5 1 1
3226.5 0 1
3227.5 1 1
3228.5 0 1
3229.5 1 1
3230.5 0 1
3231.5 0 1
3232.5 0 1
3233.5 1 1
3234.5 2 1.41421
3235.5 0 1
3236.5 1 1
3237.5 0 1
3238.5 0 1
3239.5 0 1
3240.5 1 1
3241.5 0 1
3242.5 0 1
3243.5 0 1
3244.5 0 1
3245.5 0 1
3246.5 0 1
3247.5 0 1
3248.5 0 1
3249.5 1 1
3250.5 0 1
3251.5 1 1
3252.5 0 1
3253.5 0 1
3254.5 0 1
3255.5 1 1
3256.5 0 1
3257.5 0 1
3258.5 1 1
3259.5 2 1.41421
3260.5 0 1
3261.5 1 1
3262.5 1 1
3263.5 0 1
3264.5 0 1
3265.5 1 1
3266.5 0 1
3267.5 1 1
3268.5 1 1
3269.5 0 1
3270.5 1 1
3271.5 0 1
3272.5 0 1
3273.5 1 1
3274.5 0 1
3275.5 0 1
3276.5 0 1
3277.5 0 1
3278.5 0 1
3279.5 0 1
3280.5 0 1
3281.5 2 1.41421
3282.5 0 1
3283.5 0 1
3284.5 0 1
3285.5 0 1
3286.5 0 1
3287.5 0 1
3288.5 0 1
3289.5 0 1
3290.5 0 1
3291.5 1 1
3292.5 1 1
3293.5 0 1
3294.5 0 1
3295.5 0 1
3296.5 0 1
3297.5 1 1
3298.5 0 1
3299.5 0 1
3300.5 0 1
3301.5 1 1
3302.5 0 1
3303.5 0 1
3304.5 1 1
3305.5 0 1
3306.5 0 1
3307.5 0 1
3308.5 1 1
3309.5 0 1
3310.5 0 1
3311.5 0 1
3312.5 1 1
3313.5 0 1
3314.5 1 1
3315.5 0 1
3316.5 0 1
3317.5 0 1
3318.5 0 1
3319.5 0 1
3320.5 1 1
3321.5 0 1
3322.5 0 1
3323.5 0 1
3324.5 0 1
3325.5 0 1
3326.5 1 1
3327.5 1 1
3328.5 0 1
3329.5 0 1
3330.5 0 1
3331.5 0 1
3332.5 0 1
3333.5 0 1
3334.5 0 1
3335.5 0 1
3336.5 1 1
3337.5 0 1
3338.5 2 1.41421
3339.5 1 1
3340.5 0 1
3341.5 0 1
3342.5 1 1
3343.5 0 1
3344.5 0 1
3345.5 0 1
3346.5 0 1
3347.5 0 1
3348.5 0 1
3349.5 0 1
3350.5 0 1
3351.5 0 1
3352.5 0 1
3353.5 1 1
3354.5 0 1
3355.5 0 1
3356.5 0 1
3357.5 0 1
3358.5 0 1
3359.5 0 1
3360.5 1 1
3361.5 0 1
3362.5 0 1
3363.5 0 1
3364.5 0 1
3365.5 1 1
3366.5 0 1
3367.5 0 1
3368.5 2 1.41421
3369.5 0 1
3370.5 1 1
3371.5 0 1
3372.5 0 1
3373.5 0 1
3374.5 0 1
3375.5 2 1.41421
3376.5 0 1
3377.5 0 1
3378.5 0 1
3379.5 0 1
3380.5 0 1
3381.5 0 1
3382.5 0 1
3383.5 0 1
3384.5 0 1
3385.5 0 1
3386.5 0 1
3387.5 0 1
3388.5 1 1
3389.5 1 1
3390.5 0 1
3391.5 0 1
3392.5 1 1
3393.5 0 1
3394.5 0 1
3395.5 1 1
3396.5 0 1
3397.5 1 1
3398.5 0 1
3399.5 1 1
3400.5 0 1
3401.5 0 1
3402.5 0 1
3403.5 0 1
3404.5 0 1
3405.5 1 1
3406.5 0 1
3407.5 0 1
3408.5 0 1
3409.5 1 1
3410.5 0 1
3411.5 1 1
3412.5 1 1
3413.5 0 1
3414.5 0 1
3415.5 0 1
3416.5 0 1
3417.5 0 1
3418.5 0 1
3419.5 0 1
3420.5 0 1
3421.5 1 1
3422.5 0 1
3423.5 0 1
3424.5 0 1
3425.5 0 1
3426.5 0 1
3427.5 0 1
3428.5 1 1
3429.5 1 1
3430.5 0 1
3431.5 0 1
3432.5 1 1
3433.5 0 1
3434.5 0 1
3435.5 0 1
3436.5 0 1
3437.5 0 1
3438.5 0 1
3439.5 0 1
3440.5 1 1
3441.5 0 1
3442.5 0 1
3443.5 0 1
3444.5 0 1
3445.5 0 1
3446.5 0 1
3447.5 0 1
3448.5 1 1
3449.5 0 1
3450.5 0 1
3451.5 0 1
3452.5 0 1
3453.5 0 1
3454.5 0 1
3455.5 1 1
3456.5 0 1
3457.5 1 1
3458.5 0 1
3459.5 0 1
3460.5 0 1
3461.5 0 1
3462.5 0 1
3463.5 0 1
3464.5 1 1
3465.5 0 1
3466.5 0 1
3467.5 0 1
3468.5 0 1
3469.5 0 1
3470.5 0 1
3471.5 0 1
3472.5 0 1
3473.5 0 1
3474.5 0 1
3475.5 0 1
3476.5 0 1
3477.5 0 1
3478.5 0 1
3479.5 0 1
3480.5 0 1
3481.5 1 1
3482.5 0 1
3483.5 0 1
3484.5 0 1
3485.5 1 1
3486.5 0 1
3487.5 0 1
3488.5 0 1
3489.5 1 1
3490.5 0 1
3491.5 0 1
3492.5 0 1
3493.5 0 1
3494.5 0 1
3495.5 0 1
3496.5 0 1
3497.5 0 1
3498.5 0 1
3499.5 0 1
3500.5 0 1
3501.5 0 1
3502.5 0 1
3503.5 0 1
3504.5 1 1
3505.5 1 1
3506.5 0 1
3507.5 0 1
3508.5 0 1
3509.5 0 1
3510.5 0 1
3511.5 0 1
3512.5 0 1
3513.5 0 1
3514.5 0 1
3515.5 0 1
3516.5 0 1
3517.5 0 1
3518.5 0 1
3519.5 0 1
3520.5 0 1
3521.5 0 1
3522.5 0 1
3523.5 1 1
3524.5 0 1
3525.5 1 1
3526.5 0 1
3527.5 0 1
3528.5 0 1
3529.5 0 1
3530.5 0 1
3531.5 0 1
3532.5 0 1
3533.5 1 1
3534.5 0 1
3535.5 1 1
3536.5 0 1
3537.5 0 1
3538.5 1 1
3539.5 0 1
3540.5 0 1
3541.5 0 1
3542.5 0 1
3543.5 0 1
3544.5 1 1
3545.5 0 1
3546.5 0 1
3547.5 1 1
3548.5 0 1
3549.5 0 1
3550.5 0 1
3551.5 0 1
3552.5 1 1
3553.5 1 1
3554.5 0 1
3555.5 0 1
3556.5 0 1
3557.5 0 1
3558.5 0 1
3559.5 0 1
3560.5 0 1
3561.5 0 1
3562.5 0 1
3563.5 0 1
3564.5 0 1
3565.5 0 1
3566.5 0 1
3567.5 1 1
3568.5 0 1
3569.5 0 1
3570.5 0 1
3571.5 0 1
3572.5 0 1
3573.5 0 1
3574.5 0 1
3575.5 0 1
3576.5 0 1
3577.5 0 1
3578.5 0 1
3579.5 0 1
3580.5 0 1
3581.5 0 1
3582.5 0 1
3583.5 0 1
3584.5 0 1
3585.5 0 1
3586.5 0 1
3587.5 0 1
3588.5 0 1
3589.5 0 1
3590.5 0 1
3591.5 1 1
3592.5 0 1
3593.5 0 1
3594.5 0 1
3595.5 0 1
3596.5 0 1
3597.5 0 1
3598.5 0 1
3599.5 0 1
3600.5 0 1
3601.5 0 1
3602.5 0 1
3603.5 0 1
3604.5 0 1
3605.5 0 1
3606.5 0 1
3607.5 0 1
3608.5 0 1
3609.5 0 1
3610.5 0 1
3611.5 0 1
3612.5 0 1
3613.5 0 1
3614.5 0 1
3615.5 0 1
3616.5 0 1
3617.5 0 1
3618.5 0 1
3619.5 0 1
3620.5 0 1
3621.5 1 1
3622.5 0 1
3623.5 0 1
3624.5 0 1
3625.5 0 1
3626.5 0 1
3627.5 0 1
3628.5 0 1
3629.5 0 1
3630.5 0 1
3631.5 0 1
3632.5 0 1
3633.5 0 1
3634.5 0 1
3635.5 0 1
3636.5 0 1
3637.5 0 1
3638.5 0 1
3639.5 0 1
3640.5 0 1
3641.5 0 1
3642.5 0 1
3643.5 0 1
3644.5 0 1
3645.5 0 1
3646.5 0 1
3647.5 0 1
3648.5 2 1.41421
3649.5 0 1
3650.5 0 1
3651.5 1 1
3652.5 1 1
3653.5 0 1
3654.5 2 1.41421
3655.5 0 1
3656.5 0 1
3657.5 0 1
3658.5 0 1
3659.5 0 1
3660.5 0 1
3661.5 0 1
3662.5 0 1
3663.5 1 1
3664.5 0 1
3665.5 0 1
3666.5 1 1
3667.5 0 1
3668.5 0 1
3669.5 0 1
3670.5 1 1
3671.5 1 1
3672.5 1 1
3673.5 0 1
3674.5 0 1
3675.5 0 1
3676.5 0 1
3677.5 0 1
3678.5 0 1
3679.5 0 1
3680.5 0 1
3681.5 0 1
3682.5 1 1
3683.5 0 1
3684.5 0 1
3685.5 0 1
3686.5 0 1
3687.5 0 1
3688.5 0 1
3689.5 0 1
3690.5 0 1
3691.5 1 1
3692.5 0 1
3693.5 0 1
3694.5 0 1
3695.5 0 1
3696.5 0 1
3697.5 0 1
3698.5 0 1
3699.5 0 1
3700.5 0 1
3701.5 0 1
3702.5 0 1
3703.5 0 1
3704.5 0 1
3705.5 0 1
3706.5 0 1
3707.5 0 1
3708.5 0 1
3709.5 0 1
3710.5 0 1
3711.5 1 1
3712.5 1 1
3713.5 0 1
3714.5 0 1
3715.5 1 1
3716.5 0 1
3717.5 0 1
3718.5 0 1
3719.5 0 1
3720.5 0 1
3721.5 0 1
3722.5 0 1
3723.5 0 1
3724.5 0 1
3725.5 0 1
3726.5 0 1
3727.5 1 1
3728.5 0 1
3729.5 0 1
3730.5 0 1
3731.5 0 1
3732.5 0 1
3733.5 1 1
3734.5 0 1
3735.5 0 1
3736.5 0 1
3737.5 0 1
3738.5 0 1
3739.5 0 1
3740.5 0 1
3741.5 0 1
3742.5 0 1
3743.5 1 1
3744.5 0 1
3745.5 0 1
3746.5 0 1
3747.5 0 1
3748.5 0 1
3749.5 0 1
3750.5 0 1
3751.5 0 1
3752.5 0 1
3753.5 0 1
3754.5 0 1
3755.5 0 1
3756.5 0 1
3757.5 0 1
3758.5 1 1
3759.5 0 1
3760.5 0 1
3761.5 0 1
3762.5 0 1
3763.5 0 1
3764.5 1 1
3765.5 0 1
3766.5 0 1
3767.5 0 1
3768.5 0 1
3769.5 0 1
3770.5 0 1
3771.5 0 1
3772.5 0 1
3773.5 0 1
3774.5 0 1
3775.5 0 1
3776.5 0 1
3777.5 0 1
3778.5 0 1
3779.5 0 1
3780.5 0 1
3781.5 0 1
3782.5 0 1
3783.5 0 1
3784.5 0 1
3785.5 0 1
3786.5 0 1
3787.5 0 1
3788.5 0 1
3789.5 0 1
3790.5 0 1
3791.5 0 1
3792.5 0 1
3793.5 1 1
3794.5 0 1
3795.5 0 1
3796.5 0 1
3797.5 0 1
3798.5 0 1
3799.5 1 1
3800.5 0 1
3801.5 0 1
3802.5 0 1
3803.5 0 1
3804.5 1 1
3805.5 0 1
3806.5 0 1
3807.5 0 1
3808.5 0 1
3809.5 0 1
3810.5 0 1
3811.5 0 1
3812.5 0 1
3813.5 0 1
3814.5 0 1
3815.5 0 1
3816.5 0 1
3817.5 0 1
3818.5 0 1
3819.5 0 1
3820.5 1 1
3821.5 0 1
3822.5 0 1
3823.5 0 1
3824.5 0 1
3825.5 0 1
3826.5 0 1
3827.5 0 1
3828.5 0 1
3829.5 0 1
3830.5 0 1
3831.5 0 1
3832.5 0 1
3833.5 1 1
3834.5 0 1
3835.5 0 1
3836.5 0 1
3837.5 0 1
3838.5 0 1
3839.5 0 1
3840.5 0 1
3841.5 1 1
3842.5 1 1
3843.5 0 1
3844.5 0 1
3845.5 0 1
3846.5 0 1
3847.5 0 1
3848.5 0 1
3849.5 0 1
3850.5 0 1
3851.5 0 1
3852.5 0 1
3853.5 0 1
3854.5 0 1
3855.5 0 1
3856.5 0 1
3857.5 0 1
3858.5 0 1
3859.5 0 1
3860.5 1 1
3861.5 0 1
3862.5 0 1
3863.5 0 1
3864.5 0 1
3865.5 0 1
3866.5 0 1
3867.5 0 1
3868.5 0 1
3869.5 0 1
3870.5 0 1
3871.5 1 1
3872.5 0 1
3873.5 0 1
3874.5 0 1
3875.5 0 1
3876.5 0 1
3877.5 0 1
3878.5 0 1
3879.5 0 1
3880.5 0 1
3881.5 0 1
3882.5 0 1
3883.5 0 1
3884.5 0 1
3885.5 1 1
3886.5 0 1
3887.5 0 1
3888.5 0 1
3889.5 0 1
3890.5 0 1
3891.5 1 1
3892.5 0 1
3893.5 0 1
3894.5 0 1
3895.5 0 1
3896.5 0 1
3897.5 0 1
3898.5 0 1
3899.5 0 1
3900.5 0 1
3901.5 0 1
3902.5 0 1
3903.5 0 1
3904.5 0 1
3905.5 0 1
3906.5 0 1
3907.5 0 1
3908.5 0 1
3909.5 0 1
3910.5 0 1
3911.5 0 1
3912.5 0 1
3913.5 0 1
3914.5 0 1
3915.5 0 1
3916.5 0 1
3917.5 0 1
3918.5 0 1
3919.5 0 1
3920.5 0 1
3921.5 0 1
3922.5 0 1
3923.5 0 1
3924.5 0 1
3925.5 0 1
3926.5 0 1
3927.5 0 1
3928.5 0 1
3929.5 0 1
3930.5 0 1
3931.5 0 1
3932.5 0 1
3933.5 0 1
3934.5 0 1
3935.5 0 1
3936.5 0 1
3937.5 0 1
3938.5 0 1
3939.5 0 1
3940.5 0 1
3941.5 0 1
3942.5 0 1
3943.5 0 1
3944.5 0 1
3945.5 0 1
3946.5 0 1
3947.5 0 1
3948.5 0 1
3949.5 0 1
3950.5 0 1
3951.5 0 1
3952.5 0 1
3953.5 0 1
3954.5 0 1
3955.5 0 1
3956.5 0 1
3957.5 1 1
3958.5 0 1
3959.5 0 1
3960.5 0 1
3961.5 0 1
3962.5 0 1
3963.5 0 1
3964.5 0 1
3965.5 0 1
3966.5 0 1
3967.5 0 1
3968.5 0 1
3969.5 0 1
3970.5 0 1
3971.5 0 1
3972.5 0 1
3973.5 0 1
3974.5 0 1
3975.5 0 1
3976.5 0 1
3977.5 0 1
3978.5 0 1
3979.5 0 1
3980.5 0 1
3981.5 0 1
3982.5 0 1
3983.5 2 1.41421
3984.5 0 1
3985.5 0 1
3986.5 0 1
3987.5 1 1
3988.5 0 1
3989.5 0 1
3990.5 0 1
3991.5 0 1
3992.5 0 1
3993.5 0 1
3994.5 1 1
3995.5 0 1
3996.5 0 1
3997.5 0 1
3998.5 0 1
3999.5 0 1
4000.5 0 1
4001.5 0 1
4002.5 0 1
4003.5 0 1
4004.5 0 1
4005.5 0 1
4006.5 0 1
4007.5 0 1
4008.5 0 1
4009.5 0 1
4010.5 0 1
4011.5 0 1
4012.5 1 1
4013.5 0 1
4014.5 0 1
4015.5 0 1
4016.5 0 1
4017.5 0 1
4018.5 0 1
4019.5 0 1
4020.5 0 1
4021.5 0 1
4022.5 0 1
4023.5 0 1
4024.5 0 1
4025.5 0 1
4026.5 1 1
4027.5 0 1
4028.5 1 1
4029.5 0 1
4030.5 0 1
4031.5 0 1
4032.5 0 1
4033.5 0 1
4034.5 0 1
4035.5 0 1
4036.5 0 1
4037.5 0 1
4038.5 0 1
4039.5 0 1
4040.5 0 1
4041.5 0 1
4042.5 0 1
4043.5 0 1
4044.5 0 1
4045.5 0 1
4046.5 0 1
4047.5 0 1
4048.5 0 1
4049.5 0 1
4050.5 0 1
4051.5 0 1
4052.5 0 1
4053.5 0 1
4054.5 0 1
4055.5 0 1
4056.5 1 1
4057.5 0 1
4058.5 0 1
4059.5 0 1
4060.5 0 1
4061.5 0 1
4062.5 0 1
4063.5 0 1
4064.5 0 1
4065.5 0 1
4066.5 0 1
4067.5 0 1
4068.5 0 1
4069.5 0 1
4070.5 0 1
4071.5 0 1
4072.5 0 1
4073.5 0 1
4074.5 0 1
4075.5 0 1
4076.5 0 1
4077.5 0 1
4078.5 0 1
4079.5 0 1
4080.5 0 1
4081.5 0 1
4082.5 1 1
4083.5 0 1
4084.5 0 1
4085.5 0 1
4086.5 0 1
4087.5 0 1
4088.5 0 1
4089.5 0 1
4090.5 0 1
4091.5 0 1
4092.5 0 1
4093.5 0 1
4094.5 0 1
4095.5 0 1
