# Histogram: 3313
# Gate on Y from 41 to 41
# File: /SCRATCH/DScratch3/jeremy/utkscan_output/micronet4/individ_runs/097/0975103_23Jan2018_2105.11/0975103.his
#X  N  dN
0.5 4 2
1.5 5 2.23607
2.5 3 1.73205
3.5 4 2
4.5 7 2.64575
5.5 1 1
6.5 2 1.41421
7.5 3 1.73205
8.5 2 1.41421
9.5 4 2
10.5 0 1
11.5 1 1
12.5 4 2
13.5 2 1.41421
14.5 5 2.23607
15.5 7 2.64575
16.5 2 1.41421
17.5 6 2.44949
18.5 4 2
19.5 2 1.41421
20.5 1 1
21.5 7 2.64575
22.5 3 1.73205
23.5 3 1.73205
24.5 7 2.64575
25.5 4 2
26.5 3 1.73205
27.5 3 1.73205
28.5 9 3
29.5 2 1.41421
30.5 1 1
31.5 4 2
32.5 6 2.44949
33.5 6 2.44949
34.5 3 1.73205
35.5 7 2.64575
36.5 2 1.41421
37.5 1 1
38.5 2 1.41421
39.5 2 1.41421
40.5 2 1.41421
41.5 2 1.41421
42.5 2 1.41421
43.5 1 1
44.5 3 1.73205
45.5 2 1.41421
46.5 4 2
47.5 1 1
48.5 4 2
49.5 8 2.82843
50.5 6 2.44949
51.5 6 2.44949
52.5 6 2.44949
53.5 1 1
54.5 2 1.41421
55.5 5 2.23607
56.5 0 1
57.5 2 1.41421
58.5 5 2.23607
59.5 1 1
60.5 2 1.41421
61.5 2 1.41421
62.5 3 1.73205
63.5 4 2
64.5 2 1.41421
65.5 7 2.64575
66.5 1 1
67.5 3 1.73205
68.5 6 2.44949
69.5 0 1
70.5 2 1.41421
71.5 2 1.41421
72.5 2 1.41421
73.5 2 1.41421
74.5 8 2.82843
75.5 1 1
76.5 5 2.23607
77.5 3 1.73205
78.5 3 1.73205
79.5 4 2
80.5 3 1.73205
81.5 2 1.41421
82.5 1 1
83.5 3 1.73205
84.5 4 2
85.5 4 2
86.5 3 1.73205
87.5 1 1
88.5 2 1.41421
89.5 1 1
90.5 2 1.41421
91.5 4 2
92.5 4 2
93.5 4 2
94.5 4 2
95.5 5 2.23607
96.5 2 1.41421
97.5 7 2.64575
98.5 3 1.73205
99.5 2 1.41421
100.5 3 1.73205
101.5 4 2
102.5 4 2
103.5 0 1
104.5 7 2.64575
105.5 2 1.41421
106.5 4 2
107.5 3 1.73205
108.5 6 2.44949
109.5 2 1.41421
110.5 7 2.64575
111.5 0 1
112.5 1 1
113.5 2 1.41421
114.5 1 1
115.5 3 1.73205
116.5 1 1
117.5 3 1.73205
118.5 3 1.73205
119.5 3 1.73205
120.5 4 2
121.5 0 1
122.5 3 1.73205
123.5 7 2.64575
124.5 3 1.73205
125.5 5 2.23607
126.5 2 1.41421
127.5 2 1.41421
128.5 5 2.23607
129.5 3 1.73205
130.5 4 2
131.5 5 2.23607
132.5 0 1
133.5 3 1.73205
134.5 1 1
135.5 1 1
136.5 2 1.41421
137.5 4 2
138.5 1 1
139.5 2 1.41421
140.5 3 1.73205
141.5 2 1.41421
142.5 4 2
143.5 2 1.41421
144.5 4 2
145.5 2 1.41421
146.5 6 2.44949
147.5 4 2
148.5 5 2.23607
149.5 3 1.73205
150.5 3 1.73205
151.5 5 2.23607
152.5 2 1.41421
153.5 3 1.73205
154.5 4 2
155.5 1 1
156.5 3 1.73205
157.5 1 1
158.5 4 2
159.5 3 1.73205
160.5 2 1.41421
161.5 4 2
162.5 3 1.73205
163.5 4 2
164.5 4 2
165.5 3 1.73205
166.5 1 1
167.5 2 1.41421
168.5 3 1.73205
169.5 4 2
170.5 5 2.23607
171.5 3 1.73205
172.5 5 2.23607
173.5 0 1
174.5 5 2.23607
175.5 6 2.44949
176.5 0 1
177.5 2 1.41421
178.5 2 1.41421
179.5 5 2.23607
180.5 6 2.44949
181.5 5 2.23607
182.5 3 1.73205
183.5 2 1.41421
184.5 2 1.41421
185.5 3 1.73205
186.5 1 1
187.5 6 2.44949
188.5 2 1.41421
189.5 4 2
190.5 3 1.73205
191.5 4 2
192.5 1 1
193.5 1 1
194.5 5 2.23607
195.5 1 1
196.5 2 1.41421
197.5 1 1
198.5 3 1.73205
199.5 3 1.73205
200.5 4 2
201.5 2 1.41421
202.5 3 1.73205
203.5 2 1.41421
204.5 4 2
205.5 0 1
206.5 3 1.73205
207.5 3 1.73205
208.5 1 1
209.5 1 1
210.5 0 1
211.5 4 2
212.5 5 2.23607
213.5 3 1.73205
214.5 2 1.41421
215.5 8 2.82843
216.5 3 1.73205
217.5 4 2
218.5 2 1.41421
219.5 2 1.41421
220.5 6 2.44949
221.5 1 1
222.5 2 1.41421
223.5 2 1.41421
224.5 9 3
225.5 5 2.23607
226.5 4 2
227.5 1 1
228.5 3 1.73205
229.5 4 2
230.5 3 1.73205
231.5 2 1.41421
232.5 0 1
233.5 4 2
234.5 1 1
235.5 3 1.73205
236.5 2 1.41421
237.5 0 1
238.5 2 1.41421
239.5 4 2
240.5 5 2.23607
241.5 6 2.44949
242.5 7 2.64575
243.5 3 1.73205
244.5 5 2.23607
245.5 1 1
246.5 7 2.64575
247.5 2 1.41421
248.5 3 1.73205
249.5 1 1
250.5 3 1.73205
251.5 2 1.41421
252.5 3 1.73205
253.5 3 1.73205
254.5 4 2
255.5 2 1.41421
256.5 3 1.73205
257.5 3 1.73205
258.5 5 2.23607
259.5 4 2
260.5 2 1.41421
261.5 4 2
262.5 3 1.73205
263.5 3 1.73205
264.5 1 1
265.5 7 2.64575
266.5 2 1.41421
267.5 4 2
268.5 5 2.23607
269.5 2 1.41421
270.5 7 2.64575
271.5 2 1.41421
272.5 1 1
273.5 5 2.23607
274.5 5 2.23607
275.5 3 1.73205
276.5 2 1.41421
277.5 3 1.73205
278.5 8 2.82843
279.5 4 2
280.5 2 1.41421
281.5 4 2
282.5 5 2.23607
283.5 2 1.41421
284.5 3 1.73205
285.5 5 2.23607
286.5 6 2.44949
287.5 2 1.41421
288.5 1 1
289.5 0 1
290.5 1 1
291.5 2 1.41421
292.5 2 1.41421
293.5 3 1.73205
294.5 3 1.73205
295.5 1 1
296.5 5 2.23607
297.5 4 2
298.5 3 1.73205
299.5 1 1
300.5 0 1
301.5 5 2.23607
302.5 3 1.73205
303.5 3 1.73205
304.5 5 2.23607
305.5 4 2
306.5 5 2.23607
307.5 3 1.73205
308.5 3 1.73205
309.5 3 1.73205
310.5 2 1.41421
311.5 1 1
312.5 6 2.44949
313.5 4 2
314.5 2 1.41421
315.5 2 1.41421
316.5 6 2.44949
317.5 3 1.73205
318.5 3 1.73205
319.5 9 3
320.5 6 2.44949
321.5 4 2
322.5 2 1.41421
323.5 6 2.44949
324.5 4 2
325.5 3 1.73205
326.5 3 1.73205
327.5 2 1.41421
328.5 4 2
329.5 3 1.73205
330.5 3 1.73205
331.5 9 3
332.5 2 1.41421
333.5 6 2.44949
334.5 3 1.73205
335.5 7 2.64575
336.5 4 2
337.5 7 2.64575
338.5 3 1.73205
339.5 6 2.44949
340.5 3 1.73205
341.5 2 1.41421
342.5 2 1.41421
343.5 0 1
344.5 2 1.41421
345.5 3 1.73205
346.5 1 1
347.5 4 2
348.5 1 1
349.5 4 2
350.5 4 2
351.5 1 1
352.5 1 1
353.5 1 1
354.5 3 1.73205
355.5 2 1.41421
356.5 4 2
357.5 3 1.73205
358.5 4 2
359.5 3 1.73205
360.5 3 1.73205
361.5 5 2.23607
362.5 5 2.23607
363.5 0 1
364.5 1 1
365.5 2 1.41421
366.5 3 1.73205
367.5 3 1.73205
368.5 2 1.41421
369.5 3 1.73205
370.5 3 1.73205
371.5 0 1
372.5 3 1.73205
373.5 3 1.73205
374.5 1 1
375.5 1 1
376.5 2 1.41421
377.5 1 1
378.5 0 1
379.5 4 2
380.5 8 2.82843
381.5 4 2
382.5 2 1.41421
383.5 1 1
384.5 1 1
385.5 5 2.23607
386.5 8 2.82843
387.5 5 2.23607
388.5 2 1.41421
389.5 4 2
390.5 2 1.41421
391.5 2 1.41421
392.5 5 2.23607
393.5 7 2.64575
394.5 4 2
395.5 3 1.73205
396.5 6 2.44949
397.5 1 1
398.5 0 1
399.5 4 2
400.5 1 1
401.5 2 1.41421
402.5 1 1
403.5 4 2
404.5 3 1.73205
405.5 1 1
406.5 3 1.73205
407.5 2 1.41421
408.5 3 1.73205
409.5 2 1.41421
410.5 3 1.73205
411.5 5 2.23607
412.5 7 2.64575
413.5 7 2.64575
414.5 0 1
415.5 5 2.23607
416.5 2 1.41421
417.5 3 1.73205
418.5 3 1.73205
419.5 4 2
420.5 4 2
421.5 6 2.44949
422.5 3 1.73205
423.5 4 2
424.5 5 2.23607
425.5 2 1.41421
426.5 3 1.73205
427.5 8 2.82843
428.5 1 1
429.5 8 2.82843
430.5 4 2
431.5 8 2.82843
432.5 0 1
433.5 5 2.23607
434.5 3 1.73205
435.5 2 1.41421
436.5 6 2.44949
437.5 1 1
438.5 5 2.23607
439.5 3 1.73205
440.5 3 1.73205
441.5 4 2
442.5 5 2.23607
443.5 5 2.23607
444.5 2 1.41421
445.5 5 2.23607
446.5 3 1.73205
447.5 5 2.23607
448.5 4 2
449.5 5 2.23607
450.5 2 1.41421
451.5 4 2
452.5 8 2.82843
453.5 6 2.44949
454.5 2 1.41421
455.5 6 2.44949
456.5 2 1.41421
457.5 2 1.41421
458.5 8 2.82843
459.5 11 3.31662
460.5 2 1.41421
461.5 6 2.44949
462.5 6 2.44949
463.5 4 2
464.5 3 1.73205
465.5 7 2.64575
466.5 5 2.23607
467.5 5 2.23607
468.5 7 2.64575
469.5 4 2
470.5 4 2
471.5 1 1
472.5 3 1.73205
473.5 4 2
474.5 8 2.82843
475.5 8 2.82843
476.5 5 2.23607
477.5 1 1
478.5 10 3.16228
479.5 9 3
480.5 7 2.64575
481.5 5 2.23607
482.5 9 3
483.5 4 2
484.5 4 2
485.5 7 2.64575
486.5 6 2.44949
487.5 5 2.23607
488.5 6 2.44949
489.5 5 2.23607
490.5 8 2.82843
491.5 7 2.64575
492.5 9 3
493.5 4 2
494.5 5 2.23607
495.5 1 1
496.5 7 2.64575
497.5 6 2.44949
498.5 8 2.82843
499.5 2 1.41421
500.5 7 2.64575
501.5 5 2.23607
502.5 6 2.44949
503.5 9 3
504.5 3 1.73205
505.5 3 1.73205
506.5 5 2.23607
507.5 7 2.64575
508.5 3 1.73205
509.5 11 3.31662
510.5 4 2
511.5 3 1.73205
512.5 2 1.41421
513.5 3 1.73205
514.5 9 3
515.5 9 3
516.5 5 2.23607
517.5 8 2.82843
518.5 5 2.23607
519.5 5 2.23607
520.5 3 1.73205
521.5 5 2.23607
522.5 5 2.23607
523.5 1 1
524.5 5 2.23607
525.5 4 2
526.5 5 2.23607
527.5 2 1.41421
528.5 6 2.44949
529.5 5 2.23607
530.5 10 3.16228
531.5 4 2
532.5 3 1.73205
533.5 4 2
534.5 9 3
535.5 7 2.64575
536.5 6 2.44949
537.5 6 2.44949
538.5 5 2.23607
539.5 5 2.23607
540.5 4 2
541.5 9 3
542.5 8 2.82843
543.5 7 2.64575
544.5 12 3.4641
545.5 4 2
546.5 4 2
547.5 4 2
548.5 5 2.23607
549.5 3 1.73205
550.5 6 2.44949
551.5 3 1.73205
552.5 3 1.73205
553.5 1 1
554.5 3 1.73205
555.5 6 2.44949
556.5 9 3
557.5 6 2.44949
558.5 4 2
559.5 7 2.64575
560.5 5 2.23607
561.5 4 2
562.5 8 2.82843
563.5 8 2.82843
564.5 5 2.23607
565.5 5 2.23607
566.5 12 3.4641
567.5 6 2.44949
568.5 12 3.4641
569.5 0 1
570.5 6 2.44949
571.5 5 2.23607
572.5 11 3.31662
573.5 6 2.44949
574.5 5 2.23607
575.5 4 2
576.5 3 1.73205
577.5 3 1.73205
578.5 4 2
579.5 1 1
580.5 4 2
581.5 5 2.23607
582.5 5 2.23607
583.5 8 2.82843
584.5 7 2.64575
585.5 4 2
586.5 3 1.73205
587.5 4 2
588.5 6 2.44949
589.5 8 2.82843
590.5 1 1
591.5 1 1
592.5 9 3
593.5 6 2.44949
594.5 3 1.73205
595.5 7 2.64575
596.5 3 1.73205
597.5 6 2.44949
598.5 1 1
599.5 7 2.64575
600.5 7 2.64575
601.5 5 2.23607
602.5 7 2.64575
603.5 5 2.23607
604.5 8 2.82843
605.5 1 1
606.5 3 1.73205
607.5 7 2.64575
608.5 3 1.73205
609.5 7 2.64575
610.5 8 2.82843
611.5 3 1.73205
612.5 8 2.82843
613.5 2 1.41421
614.5 2 1.41421
615.5 4 2
616.5 5 2.23607
617.5 6 2.44949
618.5 2 1.41421
619.5 5 2.23607
620.5 6 2.44949
621.5 2 1.41421
622.5 1 1
623.5 2 1.41421
624.5 7 2.64575
625.5 3 1.73205
626.5 4 2
627.5 10 3.16228
628.5 6 2.44949
629.5 8 2.82843
630.5 3 1.73205
631.5 6 2.44949
632.5 2 1.41421
633.5 3 1.73205
634.5 8 2.82843
635.5 6 2.44949
636.5 3 1.73205
637.5 3 1.73205
638.5 4 2
639.5 8 2.82843
640.5 8 2.82843
641.5 6 2.44949
642.5 5 2.23607
643.5 5 2.23607
644.5 2 1.41421
645.5 3 1.73205
646.5 3 1.73205
647.5 4 2
648.5 7 2.64575
649.5 2 1.41421
650.5 2 1.41421
651.5 3 1.73205
652.5 3 1.73205
653.5 4 2
654.5 7 2.64575
655.5 9 3
656.5 3 1.73205
657.5 6 2.44949
658.5 3 1.73205
659.5 2 1.41421
660.5 6 2.44949
661.5 5 2.23607
662.5 4 2
663.5 11 3.31662
664.5 3 1.73205
665.5 3 1.73205
666.5 2 1.41421
667.5 4 2
668.5 3 1.73205
669.5 1 1
670.5 5 2.23607
671.5 5 2.23607
672.5 8 2.82843
673.5 6 2.44949
674.5 1 1
675.5 10 3.16228
676.5 4 2
677.5 4 2
678.5 6 2.44949
679.5 3 1.73205
680.5 5 2.23607
681.5 0 1
682.5 5 2.23607
683.5 5 2.23607
684.5 4 2
685.5 5 2.23607
686.5 3 1.73205
687.5 4 2
688.5 6 2.44949
689.5 6 2.44949
690.5 7 2.64575
691.5 6 2.44949
692.5 9 3
693.5 6 2.44949
694.5 11 3.31662
695.5 4 2
696.5 8 2.82843
697.5 5 2.23607
698.5 9 3
699.5 7 2.64575
700.5 7 2.64575
701.5 8 2.82843
702.5 14 3.74166
703.5 20 4.47214
704.5 28 5.2915
705.5 45 6.7082
706.5 65 8.06226
707.5 143 11.9583
708.5 287 16.9411
709.5 521 22.8254
710.5 824 28.7054
711.5 877 29.6142
712.5 661 25.7099
713.5 376 19.3907
714.5 191 13.8203
715.5 140 11.8322
716.5 80 8.94427
717.5 81 9
718.5 64 8
719.5 65 8.06226
720.5 56 7.48331
721.5 41 6.40312
722.5 40 6.32456
723.5 45 6.7082
724.5 35 5.91608
725.5 30 5.47723
726.5 40 6.32456
727.5 26 5.09902
728.5 27 5.19615
729.5 22 4.69042
730.5 36 6
731.5 21 4.58258
732.5 17 4.12311
733.5 12 3.4641
734.5 20 4.47214
735.5 12 3.4641
736.5 9 3
737.5 20 4.47214
738.5 17 4.12311
739.5 18 4.24264
740.5 15 3.87298
741.5 8 2.82843
742.5 14 3.74166
743.5 21 4.58258
744.5 10 3.16228
745.5 19 4.3589
746.5 13 3.60555
747.5 12 3.4641
748.5 7 2.64575
749.5 14 3.74166
750.5 21 4.58258
751.5 7 2.64575
752.5 8 2.82843
753.5 11 3.31662
754.5 10 3.16228
755.5 8 2.82843
756.5 13 3.60555
757.5 15 3.87298
758.5 9 3
759.5 8 2.82843
760.5 9 3
761.5 10 3.16228
762.5 4 2
763.5 15 3.87298
764.5 7 2.64575
765.5 7 2.64575
766.5 8 2.82843
767.5 12 3.4641
768.5 8 2.82843
769.5 11 3.31662
770.5 9 3
771.5 10 3.16228
772.5 9 3
773.5 3 1.73205
774.5 9 3
775.5 10 3.16228
776.5 4 2
777.5 8 2.82843
778.5 6 2.44949
779.5 5 2.23607
780.5 9 3
781.5 4 2
782.5 6 2.44949
783.5 5 2.23607
784.5 4 2
785.5 7 2.64575
786.5 6 2.44949
787.5 6 2.44949
788.5 4 2
789.5 7 2.64575
790.5 8 2.82843
791.5 6 2.44949
792.5 6 2.44949
793.5 8 2.82843
794.5 6 2.44949
795.5 7 2.64575
796.5 8 2.82843
797.5 7 2.64575
798.5 7 2.64575
799.5 6 2.44949
800.5 10 3.16228
801.5 6 2.44949
802.5 12 3.4641
803.5 4 2
804.5 6 2.44949
805.5 4 2
806.5 7 2.64575
807.5 6 2.44949
808.5 10 3.16228
809.5 5 2.23607
810.5 8 2.82843
811.5 3 1.73205
812.5 3 1.73205
813.5 9 3
814.5 8 2.82843
815.5 4 2
816.5 6 2.44949
817.5 3 1.73205
818.5 4 2
819.5 6 2.44949
820.5 11 3.31662
821.5 5 2.23607
822.5 12 3.4641
823.5 6 2.44949
824.5 3 1.73205
825.5 5 2.23607
826.5 4 2
827.5 6 2.44949
828.5 6 2.44949
829.5 6 2.44949
830.5 8 2.82843
831.5 4 2
832.5 7 2.64575
833.5 7 2.64575
834.5 2 1.41421
835.5 6 2.44949
836.5 6 2.44949
837.5 6 2.44949
838.5 7 2.64575
839.5 4 2
840.5 10 3.16228
841.5 9 3
842.5 5 2.23607
843.5 6 2.44949
844.5 8 2.82843
845.5 8 2.82843
846.5 10 3.16228
847.5 7 2.64575
848.5 6 2.44949
849.5 7 2.64575
850.5 8 2.82843
851.5 8 2.82843
852.5 8 2.82843
853.5 10 3.16228
854.5 7 2.64575
855.5 5 2.23607
856.5 6 2.44949
857.5 7 2.64575
858.5 8 2.82843
859.5 7 2.64575
860.5 4 2
861.5 9 3
862.5 12 3.4641
863.5 7 2.64575
864.5 4 2
865.5 5 2.23607
866.5 6 2.44949
867.5 11 3.31662
868.5 10 3.16228
869.5 4 2
870.5 10 3.16228
871.5 8 2.82843
872.5 3 1.73205
873.5 6 2.44949
874.5 7 2.64575
875.5 9 3
876.5 8 2.82843
877.5 9 3
878.5 8 2.82843
879.5 13 3.60555
880.5 10 3.16228
881.5 8 2.82843
882.5 9 3
883.5 8 2.82843
884.5 7 2.64575
885.5 7 2.64575
886.5 8 2.82843
887.5 6 2.44949
888.5 3 1.73205
889.5 9 3
890.5 16 4
891.5 9 3
892.5 17 4.12311
893.5 8 2.82843
894.5 4 2
895.5 11 3.31662
896.5 12 3.4641
897.5 9 3
898.5 13 3.60555
899.5 12 3.4641
900.5 11 3.31662
901.5 7 2.64575
902.5 4 2
903.5 12 3.4641
904.5 12 3.4641
905.5 9 3
906.5 8 2.82843
907.5 8 2.82843
908.5 15 3.87298
909.5 8 2.82843
910.5 11 3.31662
911.5 12 3.4641
912.5 11 3.31662
913.5 9 3
914.5 9 3
915.5 16 4
916.5 10 3.16228
917.5 10 3.16228
918.5 9 3
919.5 5 2.23607
920.5 10 3.16228
921.5 9 3
922.5 7 2.64575
923.5 7 2.64575
924.5 9 3
925.5 5 2.23607
926.5 15 3.87298
927.5 13 3.60555
928.5 5 2.23607
929.5 11 3.31662
930.5 3 1.73205
931.5 11 3.31662
932.5 11 3.31662
933.5 7 2.64575
934.5 6 2.44949
935.5 10 3.16228
936.5 5 2.23607
937.5 8 2.82843
938.5 7 2.64575
939.5 10 3.16228
940.5 5 2.23607
941.5 6 2.44949
942.5 9 3
943.5 7 2.64575
944.5 16 4
945.5 11 3.31662
946.5 7 2.64575
947.5 9 3
948.5 6 2.44949
949.5 13 3.60555
950.5 10 3.16228
951.5 9 3
952.5 7 2.64575
953.5 5 2.23607
954.5 11 3.31662
955.5 9 3
956.5 10 3.16228
957.5 10 3.16228
958.5 8 2.82843
959.5 11 3.31662
960.5 5 2.23607
961.5 4 2
962.5 8 2.82843
963.5 9 3
964.5 5 2.23607
965.5 9 3
966.5 6 2.44949
967.5 11 3.31662
968.5 12 3.4641
969.5 7 2.64575
970.5 11 3.31662
971.5 3 1.73205
972.5 4 2
973.5 4 2
974.5 11 3.31662
975.5 5 2.23607
976.5 5 2.23607
977.5 9 3
978.5 7 2.64575
979.5 4 2
980.5 8 2.82843
981.5 10 3.16228
982.5 5 2.23607
983.5 6 2.44949
984.5 5 2.23607
985.5 10 3.16228
986.5 9 3
987.5 13 3.60555
988.5 1 1
989.5 2 1.41421
990.5 9 3
991.5 5 2.23607
992.5 8 2.82843
993.5 7 2.64575
994.5 13 3.60555
995.5 4 2
996.5 12 3.4641
997.5 9 3
998.5 5 2.23607
999.5 5 2.23607
1000.5 7 2.64575
1001.5 10 3.16228
1002.5 9 3
1003.5 12 3.4641
1004.5 7 2.64575
1005.5 9 3
1006.5 6 2.44949
1007.5 5 2.23607
1008.5 6 2.44949
1009.5 10 3.16228
1010.5 7 2.64575
1011.5 7 2.64575
1012.5 10 3.16228
1013.5 12 3.4641
1014.5 4 2
1015.5 10 3.16228
1016.5 7 2.64575
1017.5 5 2.23607
1018.5 3 1.73205
1019.5 5 2.23607
1020.5 4 2
1021.5 4 2
1022.5 4 2
1023.5 9 3
1024.5 4 2
1025.5 14 3.74166
1026.5 3 1.73205
1027.5 5 2.23607
1028.5 6 2.44949
1029.5 6 2.44949
1030.5 10 3.16228
1031.5 5 2.23607
1032.5 9 3
1033.5 5 2.23607
1034.5 5 2.23607
1035.5 10 3.16228
1036.5 6 2.44949
1037.5 6 2.44949
1038.5 7 2.64575
1039.5 5 2.23607
1040.5 8 2.82843
1041.5 10 3.16228
1042.5 4 2
1043.5 7 2.64575
1044.5 5 2.23607
1045.5 3 1.73205
1046.5 8 2.82843
1047.5 15 3.87298
1048.5 5 2.23607
1049.5 13 3.60555
1050.5 8 2.82843
1051.5 2 1.41421
1052.5 7 2.64575
1053.5 3 1.73205
1054.5 11 3.31662
1055.5 9 3
1056.5 6 2.44949
1057.5 0 1
1058.5 4 2
1059.5 9 3
1060.5 8 2.82843
1061.5 6 2.44949
1062.5 6 2.44949
1063.5 3 1.73205
1064.5 10 3.16228
1065.5 4 2
1066.5 12 3.4641
1067.5 9 3
1068.5 10 3.16228
1069.5 11 3.31662
1070.5 5 2.23607
1071.5 8 2.82843
1072.5 4 2
1073.5 5 2.23607
1074.5 4 2
1075.5 5 2.23607
1076.5 14 3.74166
1077.5 8 2.82843
1078.5 5 2.23607
1079.5 10 3.16228
1080.5 6 2.44949
1081.5 7 2.64575
1082.5 4 2
1083.5 4 2
1084.5 7 2.64575
1085.5 4 2
1086.5 5 2.23607
1087.5 9 3
1088.5 9 3
1089.5 7 2.64575
1090.5 6 2.44949
1091.5 8 2.82843
1092.5 6 2.44949
1093.5 7 2.64575
1094.5 6 2.44949
1095.5 5 2.23607
1096.5 6 2.44949
1097.5 7 2.64575
1098.5 4 2
1099.5 4 2
1100.5 5 2.23607
1101.5 6 2.44949
1102.5 7 2.64575
1103.5 6 2.44949
1104.5 4 2
1105.5 5 2.23607
1106.5 6 2.44949
1107.5 9 3
1108.5 4 2
1109.5 2 1.41421
1110.5 7 2.64575
1111.5 6 2.44949
1112.5 6 2.44949
1113.5 6 2.44949
1114.5 5 2.23607
1115.5 8 2.82843
1116.5 5 2.23607
1117.5 5 2.23607
1118.5 6 2.44949
1119.5 8 2.82843
1120.5 4 2
1121.5 8 2.82843
1122.5 4 2
1123.5 6 2.44949
1124.5 6 2.44949
1125.5 5 2.23607
1126.5 5 2.23607
1127.5 8 2.82843
1128.5 4 2
1129.5 5 2.23607
1130.5 7 2.64575
1131.5 2 1.41421
1132.5 7 2.64575
1133.5 3 1.73205
1134.5 2 1.41421
1135.5 9 3
1136.5 5 2.23607
1137.5 8 2.82843
1138.5 7 2.64575
1139.5 4 2
1140.5 9 3
1141.5 9 3
1142.5 7 2.64575
1143.5 8 2.82843
1144.5 6 2.44949
1145.5 10 3.16228
1146.5 7 2.64575
1147.5 11 3.31662
1148.5 4 2
1149.5 9 3
1150.5 4 2
1151.5 4 2
1152.5 6 2.44949
1153.5 5 2.23607
1154.5 5 2.23607
1155.5 3 1.73205
1156.5 7 2.64575
1157.5 7 2.64575
1158.5 1 1
1159.5 2 1.41421
1160.5 12 3.4641
1161.5 5 2.23607
1162.5 6 2.44949
1163.5 7 2.64575
1164.5 8 2.82843
1165.5 8 2.82843
1166.5 1 1
1167.5 5 2.23607
1168.5 8 2.82843
1169.5 5 2.23607
1170.5 2 1.41421
1171.5 6 2.44949
1172.5 6 2.44949
1173.5 2 1.41421
1174.5 7 2.64575
1175.5 4 2
1176.5 7 2.64575
1177.5 4 2
1178.5 4 2
1179.5 6 2.44949
1180.5 2 1.41421
1181.5 4 2
1182.5 7 2.64575
1183.5 9 3
1184.5 5 2.23607
1185.5 6 2.44949
1186.5 11 3.31662
1187.5 2 1.41421
1188.5 6 2.44949
1189.5 7 2.64575
1190.5 7 2.64575
1191.5 3 1.73205
1192.5 3 1.73205
1193.5 4 2
1194.5 7 2.64575
1195.5 5 2.23607
1196.5 3 1.73205
1197.5 6 2.44949
1198.5 7 2.64575
1199.5 8 2.82843
1200.5 8 2.82843
1201.5 7 2.64575
1202.5 3 1.73205
1203.5 7 2.64575
1204.5 5 2.23607
1205.5 5 2.23607
1206.5 3 1.73205
1207.5 8 2.82843
1208.5 5 2.23607
1209.5 5 2.23607
1210.5 6 2.44949
1211.5 2 1.41421
1212.5 5 2.23607
1213.5 3 1.73205
1214.5 5 2.23607
1215.5 2 1.41421
1216.5 3 1.73205
1217.5 9 3
1218.5 7 2.64575
1219.5 4 2
1220.5 7 2.64575
1221.5 5 2.23607
1222.5 10 3.16228
1223.5 8 2.82843
1224.5 5 2.23607
1225.5 5 2.23607
1226.5 2 1.41421
1227.5 1 1
1228.5 5 2.23607
1229.5 4 2
1230.5 5 2.23607
1231.5 11 3.31662
1232.5 4 2
1233.5 5 2.23607
1234.5 4 2
1235.5 5 2.23607
1236.5 6 2.44949
1237.5 8 2.82843
1238.5 4 2
1239.5 5 2.23607
1240.5 6 2.44949
1241.5 8 2.82843
1242.5 12 3.4641
1243.5 3 1.73205
1244.5 5 2.23607
1245.5 3 1.73205
1246.5 4 2
1247.5 3 1.73205
1248.5 7 2.64575
1249.5 7 2.64575
1250.5 3 1.73205
1251.5 2 1.41421
1252.5 10 3.16228
1253.5 5 2.23607
1254.5 8 2.82843
1255.5 2 1.41421
1256.5 4 2
1257.5 6 2.44949
1258.5 8 2.82843
1259.5 5 2.23607
1260.5 7 2.64575
1261.5 10 3.16228
1262.5 4 2
1263.5 7 2.64575
1264.5 6 2.44949
1265.5 6 2.44949
1266.5 7 2.64575
1267.5 6 2.44949
1268.5 7 2.64575
1269.5 8 2.82843
1270.5 8 2.82843
1271.5 5 2.23607
1272.5 5 2.23607
1273.5 4 2
1274.5 7 2.64575
1275.5 11 3.31662
1276.5 4 2
1277.5 3 1.73205
1278.5 7 2.64575
1279.5 1 1
1280.5 5 2.23607
1281.5 6 2.44949
1282.5 6 2.44949
1283.5 4 2
1284.5 2 1.41421
1285.5 4 2
1286.5 4 2
1287.5 5 2.23607
1288.5 8 2.82843
1289.5 5 2.23607
1290.5 5 2.23607
1291.5 3 1.73205
1292.5 4 2
1293.5 3 1.73205
1294.5 4 2
1295.5 5 2.23607
1296.5 6 2.44949
1297.5 7 2.64575
1298.5 1 1
1299.5 9 3
1300.5 4 2
1301.5 10 3.16228
1302.5 6 2.44949
1303.5 4 2
1304.5 7 2.64575
1305.5 3 1.73205
1306.5 8 2.82843
1307.5 7 2.64575
1308.5 9 3
1309.5 4 2
1310.5 8 2.82843
1311.5 4 2
1312.5 5 2.23607
1313.5 6 2.44949
1314.5 7 2.64575
1315.5 2 1.41421
1316.5 4 2
1317.5 7 2.64575
1318.5 1 1
1319.5 7 2.64575
1320.5 2 1.41421
1321.5 7 2.64575
1322.5 9 3
1323.5 4 2
1324.5 7 2.64575
1325.5 2 1.41421
1326.5 7 2.64575
1327.5 6 2.44949
1328.5 5 2.23607
1329.5 7 2.64575
1330.5 4 2
1331.5 2 1.41421
1332.5 8 2.82843
1333.5 9 3
1334.5 11 3.31662
1335.5 7 2.64575
1336.5 6 2.44949
1337.5 4 2
1338.5 7 2.64575
1339.5 6 2.44949
1340.5 4 2
1341.5 6 2.44949
1342.5 5 2.23607
1343.5 5 2.23607
1344.5 5 2.23607
1345.5 4 2
1346.5 5 2.23607
1347.5 6 2.44949
1348.5 5 2.23607
1349.5 6 2.44949
1350.5 4 2
1351.5 2 1.41421
1352.5 4 2
1353.5 6 2.44949
1354.5 6 2.44949
1355.5 6 2.44949
1356.5 5 2.23607
1357.5 7 2.64575
1358.5 5 2.23607
1359.5 3 1.73205
1360.5 3 1.73205
1361.5 6 2.44949
1362.5 7 2.64575
1363.5 6 2.44949
1364.5 6 2.44949
1365.5 6 2.44949
1366.5 4 2
1367.5 4 2
1368.5 4 2
1369.5 5 2.23607
1370.5 4 2
1371.5 7 2.64575
1372.5 7 2.64575
1373.5 2 1.41421
1374.5 5 2.23607
1375.5 4 2
1376.5 8 2.82843
1377.5 4 2
1378.5 5 2.23607
1379.5 1 1
1380.5 5 2.23607
1381.5 0 1
1382.5 5 2.23607
1383.5 7 2.64575
1384.5 4 2
1385.5 4 2
1386.5 3 1.73205
1387.5 5 2.23607
1388.5 7 2.64575
1389.5 6 2.44949
1390.5 3 1.73205
1391.5 5 2.23607
1392.5 3 1.73205
1393.5 3 1.73205
1394.5 3 1.73205
1395.5 3 1.73205
1396.5 6 2.44949
1397.5 3 1.73205
1398.5 7 2.64575
1399.5 3 1.73205
1400.5 6 2.44949
1401.5 7 2.64575
1402.5 6 2.44949
1403.5 5 2.23607
1404.5 3 1.73205
1405.5 8 2.82843
1406.5 6 2.44949
1407.5 3 1.73205
1408.5 12 3.4641
1409.5 8 2.82843
1410.5 7 2.64575
1411.5 5 2.23607
1412.5 4 2
1413.5 8 2.82843
1414.5 2 1.41421
1415.5 9 3
1416.5 6 2.44949
1417.5 1 1
1418.5 4 2
1419.5 2 1.41421
1420.5 5 2.23607
1421.5 2 1.41421
1422.5 7 2.64575
1423.5 8 2.82843
1424.5 4 2
1425.5 1 1
1426.5 6 2.44949
1427.5 2 1.41421
1428.5 3 1.73205
1429.5 7 2.64575
1430.5 5 2.23607
1431.5 8 2.82843
1432.5 6 2.44949
1433.5 9 3
1434.5 5 2.23607
1435.5 5 2.23607
1436.5 3 1.73205
1437.5 1 1
1438.5 1 1
1439.5 6 2.44949
1440.5 0 1
1441.5 10 3.16228
1442.5 2 1.41421
1443.5 6 2.44949
1444.5 4 2
1445.5 6 2.44949
1446.5 5 2.23607
1447.5 2 1.41421
1448.5 8 2.82843
1449.5 4 2
1450.5 3 1.73205
1451.5 4 2
1452.5 6 2.44949
1453.5 7 2.64575
1454.5 6 2.44949
1455.5 3 1.73205
1456.5 3 1.73205
1457.5 4 2
1458.5 7 2.64575
1459.5 5 2.23607
1460.5 3 1.73205
1461.5 5 2.23607
1462.5 6 2.44949
1463.5 6 2.44949
1464.5 5 2.23607
1465.5 4 2
1466.5 6 2.44949
1467.5 11 3.31662
1468.5 3 1.73205
1469.5 2 1.41421
1470.5 1 1
1471.5 5 2.23607
1472.5 6 2.44949
1473.5 4 2
1474.5 5 2.23607
1475.5 8 2.82843
1476.5 3 1.73205
1477.5 7 2.64575
1478.5 5 2.23607
1479.5 0 1
1480.5 3 1.73205
1481.5 3 1.73205
1482.5 9 3
1483.5 8 2.82843
1484.5 1 1
1485.5 3 1.73205
1486.5 6 2.44949
1487.5 7 2.64575
1488.5 2 1.41421
1489.5 3 1.73205
1490.5 5 2.23607
1491.5 8 2.82843
1492.5 7 2.64575
1493.5 4 2
1494.5 5 2.23607
1495.5 1 1
1496.5 3 1.73205
1497.5 4 2
1498.5 1 1
1499.5 1 1
1500.5 2 1.41421
1501.5 10 3.16228
1502.5 5 2.23607
1503.5 3 1.73205
1504.5 7 2.64575
1505.5 6 2.44949
1506.5 9 3
1507.5 3 1.73205
1508.5 4 2
1509.5 6 2.44949
1510.5 3 1.73205
1511.5 5 2.23607
1512.5 6 2.44949
1513.5 2 1.41421
1514.5 7 2.64575
1515.5 2 1.41421
1516.5 10 3.16228
1517.5 4 2
1518.5 3 1.73205
1519.5 14 3.74166
1520.5 5 2.23607
1521.5 4 2
1522.5 8 2.82843
1523.5 6 2.44949
1524.5 5 2.23607
1525.5 2 1.41421
1526.5 5 2.23607
1527.5 6 2.44949
1528.5 6 2.44949
1529.5 5 2.23607
1530.5 4 2
1531.5 7 2.64575
1532.5 2 1.41421
1533.5 3 1.73205
1534.5 6 2.44949
1535.5 4 2
1536.5 5 2.23607
1537.5 8 2.82843
1538.5 1 1
1539.5 4 2
1540.5 2 1.41421
1541.5 8 2.82843
1542.5 4 2
1543.5 3 1.73205
1544.5 3 1.73205
1545.5 7 2.64575
1546.5 5 2.23607
1547.5 6 2.44949
1548.5 4 2
1549.5 4 2
1550.5 4 2
1551.5 7 2.64575
1552.5 4 2
1553.5 3 1.73205
1554.5 5 2.23607
1555.5 2 1.41421
1556.5 9 3
1557.5 9 3
1558.5 5 2.23607
1559.5 3 1.73205
1560.5 8 2.82843
1561.5 5 2.23607
1562.5 4 2
1563.5 6 2.44949
1564.5 3 1.73205
1565.5 5 2.23607
1566.5 8 2.82843
1567.5 4 2
1568.5 5 2.23607
1569.5 5 2.23607
1570.5 4 2
1571.5 5 2.23607
1572.5 4 2
1573.5 6 2.44949
1574.5 5 2.23607
1575.5 6 2.44949
1576.5 10 3.16228
1577.5 4 2
1578.5 1 1
1579.5 5 2.23607
1580.5 6 2.44949
1581.5 2 1.41421
1582.5 3 1.73205
1583.5 8 2.82843
1584.5 3 1.73205
1585.5 7 2.64575
1586.5 9 3
1587.5 5 2.23607
1588.5 5 2.23607
1589.5 6 2.44949
1590.5 2 1.41421
1591.5 4 2
1592.5 6 2.44949
1593.5 5 2.23607
1594.5 3 1.73205
1595.5 10 3.16228
1596.5 4 2
1597.5 4 2
1598.5 4 2
1599.5 4 2
1600.5 4 2
1601.5 2 1.41421
1602.5 5 2.23607
1603.5 3 1.73205
1604.5 4 2
1605.5 5 2.23607
1606.5 3 1.73205
1607.5 4 2
1608.5 8 2.82843
1609.5 3 1.73205
1610.5 6 2.44949
1611.5 6 2.44949
1612.5 5 2.23607
1613.5 4 2
1614.5 4 2
1615.5 7 2.64575
1616.5 6 2.44949
1617.5 6 2.44949
1618.5 4 2
1619.5 5 2.23607
1620.5 4 2
1621.5 5 2.23607
1622.5 3 1.73205
1623.5 7 2.64575
1624.5 4 2
1625.5 9 3
1626.5 6 2.44949
1627.5 7 2.64575
1628.5 3 1.73205
1629.5 7 2.64575
1630.5 5 2.23607
1631.5 8 2.82843
1632.5 7 2.64575
1633.5 4 2
1634.5 12 3.4641
1635.5 6 2.44949
1636.5 2 1.41421
1637.5 7 2.64575
1638.5 6 2.44949
1639.5 5 2.23607
1640.5 9 3
1641.5 7 2.64575
1642.5 5 2.23607
1643.5 3 1.73205
1644.5 2 1.41421
1645.5 4 2
1646.5 9 3
1647.5 4 2
1648.5 3 1.73205
1649.5 2 1.41421
1650.5 5 2.23607
1651.5 4 2
1652.5 5 2.23607
1653.5 3 1.73205
1654.5 2 1.41421
1655.5 6 2.44949
1656.5 2 1.41421
1657.5 2 1.41421
1658.5 4 2
1659.5 2 1.41421
1660.5 5 2.23607
1661.5 5 2.23607
1662.5 5 2.23607
1663.5 1 1
1664.5 2 1.41421
1665.5 6 2.44949
1666.5 3 1.73205
1667.5 5 2.23607
1668.5 9 3
1669.5 7 2.64575
1670.5 6 2.44949
1671.5 3 1.73205
1672.5 9 3
1673.5 5 2.23607
1674.5 2 1.41421
1675.5 7 2.64575
1676.5 7 2.64575
1677.5 6 2.44949
1678.5 1 1
1679.5 5 2.23607
1680.5 8 2.82843
1681.5 4 2
1682.5 7 2.64575
1683.5 2 1.41421
1684.5 2 1.41421
1685.5 4 2
1686.5 5 2.23607
1687.5 5 2.23607
1688.5 4 2
1689.5 6 2.44949
1690.5 6 2.44949
1691.5 7 2.64575
1692.5 2 1.41421
1693.5 9 3
1694.5 5 2.23607
1695.5 3 1.73205
1696.5 3 1.73205
1697.5 3 1.73205
1698.5 4 2
1699.5 8 2.82843
1700.5 5 2.23607
1701.5 3 1.73205
1702.5 3 1.73205
1703.5 3 1.73205
1704.5 4 2
1705.5 2 1.41421
1706.5 1 1
1707.5 13 3.60555
1708.5 6 2.44949
1709.5 10 3.16228
1710.5 4 2
1711.5 7 2.64575
1712.5 3 1.73205
1713.5 6 2.44949
1714.5 4 2
1715.5 2 1.41421
1716.5 2 1.41421
1717.5 7 2.64575
1718.5 4 2
1719.5 4 2
1720.5 3 1.73205
1721.5 5 2.23607
1722.5 3 1.73205
1723.5 2 1.41421
1724.5 5 2.23607
1725.5 5 2.23607
1726.5 3 1.73205
1727.5 5 2.23607
1728.5 6 2.44949
1729.5 1 1
1730.5 4 2
1731.5 5 2.23607
1732.5 6 2.44949
1733.5 5 2.23607
1734.5 9 3
1735.5 3 1.73205
1736.5 1 1
1737.5 5 2.23607
1738.5 3 1.73205
1739.5 6 2.44949
1740.5 4 2
1741.5 2 1.41421
1742.5 1 1
1743.5 5 2.23607
1744.5 7 2.64575
1745.5 2 1.41421
1746.5 6 2.44949
1747.5 0 1
1748.5 7 2.64575
1749.5 7 2.64575
1750.5 3 1.73205
1751.5 7 2.64575
1752.5 2 1.41421
1753.5 5 2.23607
1754.5 7 2.64575
1755.5 7 2.64575
1756.5 2 1.41421
1757.5 3 1.73205
1758.5 5 2.23607
1759.5 11 3.31662
1760.5 4 2
1761.5 5 2.23607
1762.5 5 2.23607
1763.5 6 2.44949
1764.5 13 3.60555
1765.5 6 2.44949
1766.5 5 2.23607
1767.5 6 2.44949
1768.5 8 2.82843
1769.5 4 2
1770.5 5 2.23607
1771.5 10 3.16228
1772.5 4 2
1773.5 4 2
1774.5 3 1.73205
1775.5 4 2
1776.5 7 2.64575
1777.5 5 2.23607
1778.5 4 2
1779.5 5 2.23607
1780.5 3 1.73205
1781.5 3 1.73205
1782.5 6 2.44949
1783.5 4 2
1784.5 7 2.64575
1785.5 11 3.31662
1786.5 4 2
1787.5 3 1.73205
1788.5 1 1
1789.5 4 2
1790.5 6 2.44949
1791.5 6 2.44949
1792.5 8 2.82843
1793.5 7 2.64575
1794.5 5 2.23607
1795.5 5 2.23607
1796.5 7 2.64575
1797.5 4 2
1798.5 5 2.23607
1799.5 8 2.82843
1800.5 6 2.44949
1801.5 7 2.64575
1802.5 2 1.41421
1803.5 5 2.23607
1804.5 4 2
1805.5 4 2
1806.5 2 1.41421
1807.5 5 2.23607
1808.5 3 1.73205
1809.5 3 1.73205
1810.5 2 1.41421
1811.5 1 1
1812.5 4 2
1813.5 7 2.64575
1814.5 3 1.73205
1815.5 2 1.41421
1816.5 2 1.41421
1817.5 10 3.16228
1818.5 5 2.23607
1819.5 5 2.23607
1820.5 0 1
1821.5 4 2
1822.5 7 2.64575
1823.5 2 1.41421
1824.5 4 2
1825.5 7 2.64575
1826.5 4 2
1827.5 2 1.41421
1828.5 2 1.41421
1829.5 6 2.44949
1830.5 4 2
1831.5 6 2.44949
1832.5 7 2.64575
1833.5 2 1.41421
1834.5 5 2.23607
1835.5 2 1.41421
1836.5 6 2.44949
1837.5 6 2.44949
1838.5 5 2.23607
1839.5 1 1
1840.5 5 2.23607
1841.5 4 2
1842.5 4 2
1843.5 3 1.73205
1844.5 4 2
1845.5 7 2.64575
1846.5 1 1
1847.5 1 1
1848.5 7 2.64575
1849.5 4 2
1850.5 4 2
1851.5 2 1.41421
1852.5 3 1.73205
1853.5 2 1.41421
1854.5 4 2
1855.5 2 1.41421
1856.5 5 2.23607
1857.5 5 2.23607
1858.5 6 2.44949
1859.5 4 2
1860.5 5 2.23607
1861.5 2 1.41421
1862.5 3 1.73205
1863.5 4 2
1864.5 5 2.23607
1865.5 3 1.73205
1866.5 7 2.64575
1867.5 6 2.44949
1868.5 1 1
1869.5 6 2.44949
1870.5 1 1
1871.5 2 1.41421
1872.5 6 2.44949
1873.5 2 1.41421
1874.5 6 2.44949
1875.5 1 1
1876.5 5 2.23607
1877.5 0 1
1878.5 8 2.82843
1879.5 5 2.23607
1880.5 5 2.23607
1881.5 6 2.44949
1882.5 2 1.41421
1883.5 6 2.44949
1884.5 4 2
1885.5 3 1.73205
1886.5 8 2.82843
1887.5 3 1.73205
1888.5 2 1.41421
1889.5 2 1.41421
1890.5 7 2.64575
1891.5 4 2
1892.5 7 2.64575
1893.5 6 2.44949
1894.5 3 1.73205
1895.5 6 2.44949
1896.5 3 1.73205
1897.5 4 2
1898.5 6 2.44949
1899.5 4 2
1900.5 5 2.23607
1901.5 3 1.73205
1902.5 2 1.41421
1903.5 3 1.73205
1904.5 1 1
1905.5 6 2.44949
1906.5 7 2.64575
1907.5 2 1.41421
1908.5 2 1.41421
1909.5 1 1
1910.5 3 1.73205
1911.5 5 2.23607
1912.5 6 2.44949
1913.5 4 2
1914.5 7 2.64575
1915.5 5 2.23607
1916.5 7 2.64575
1917.5 5 2.23607
1918.5 3 1.73205
1919.5 4 2
1920.5 3 1.73205
1921.5 8 2.82843
1922.5 2 1.41421
1923.5 3 1.73205
1924.5 3 1.73205
1925.5 6 2.44949
1926.5 5 2.23607
1927.5 4 2
1928.5 4 2
1929.5 5 2.23607
1930.5 8 2.82843
1931.5 5 2.23607
1932.5 2 1.41421
1933.5 0 1
1934.5 2 1.41421
1935.5 3 1.73205
1936.5 3 1.73205
1937.5 7 2.64575
1938.5 6 2.44949
1939.5 7 2.64575
1940.5 4 2
1941.5 4 2
1942.5 9 3
1943.5 4 2
1944.5 1 1
1945.5 9 3
1946.5 3 1.73205
1947.5 4 2
1948.5 6 2.44949
1949.5 3 1.73205
1950.5 1 1
1951.5 8 2.82843
1952.5 3 1.73205
1953.5 3 1.73205
1954.5 6 2.44949
1955.5 7 2.64575
1956.5 5 2.23607
1957.5 6 2.44949
1958.5 3 1.73205
1959.5 6 2.44949
1960.5 5 2.23607
1961.5 3 1.73205
1962.5 1 1
1963.5 3 1.73205
1964.5 6 2.44949
1965.5 6 2.44949
1966.5 4 2
1967.5 7 2.64575
1968.5 5 2.23607
1969.5 4 2
1970.5 1 1
1971.5 4 2
1972.5 3 1.73205
1973.5 4 2
1974.5 6 2.44949
1975.5 9 3
1976.5 7 2.64575
1977.5 3 1.73205
1978.5 7 2.64575
1979.5 0 1
1980.5 4 2
1981.5 3 1.73205
1982.5 3 1.73205
1983.5 3 1.73205
1984.5 2 1.41421
1985.5 5 2.23607
1986.5 3 1.73205
1987.5 3 1.73205
1988.5 5 2.23607
1989.5 3 1.73205
1990.5 10 3.16228
1991.5 5 2.23607
1992.5 5 2.23607
1993.5 3 1.73205
1994.5 3 1.73205
1995.5 4 2
1996.5 5 2.23607
1997.5 4 2
1998.5 6 2.44949
1999.5 7 2.64575
2000.5 9 3
2001.5 1 1
2002.5 7 2.64575
2003.5 2 1.41421
2004.5 6 2.44949
2005.5 3 1.73205
2006.5 8 2.82843
2007.5 7 2.64575
2008.5 3 1.73205
2009.5 5 2.23607
2010.5 4 2
2011.5 4 2
2012.5 3 1.73205
2013.5 3 1.73205
2014.5 4 2
2015.5 4 2
2016.5 3 1.73205
2017.5 7 2.64575
2018.5 3 1.73205
2019.5 5 2.23607
2020.5 4 2
2021.5 5 2.23607
2022.5 2 1.41421
2023.5 5 2.23607
2024.5 8 2.82843
2025.5 1 1
2026.5 6 2.44949
2027.5 4 2
2028.5 3 1.73205
2029.5 4 2
2030.5 2 1.41421
2031.5 3 1.73205
2032.5 5 2.23607
2033.5 9 3
2034.5 5 2.23607
2035.5 5 2.23607
2036.5 6 2.44949
2037.5 4 2
2038.5 9 3
2039.5 3 1.73205
2040.5 5 2.23607
2041.5 7 2.64575
2042.5 4 2
2043.5 5 2.23607
2044.5 5 2.23607
2045.5 2 1.41421
2046.5 5 2.23607
2047.5 4 2
2048.5 7 2.64575
2049.5 5 2.23607
2050.5 11 3.31662
2051.5 2 1.41421
2052.5 4 2
2053.5 5 2.23607
2054.5 7 2.64575
2055.5 4 2
2056.5 8 2.82843
2057.5 3 1.73205
2058.5 4 2
2059.5 5 2.23607
2060.5 5 2.23607
2061.5 5 2.23607
2062.5 3 1.73205
2063.5 9 3
2064.5 4 2
2065.5 4 2
2066.5 5 2.23607
2067.5 3 1.73205
2068.5 7 2.64575
2069.5 2 1.41421
2070.5 1 1
2071.5 4 2
2072.5 4 2
2073.5 6 2.44949
2074.5 6 2.44949
2075.5 6 2.44949
2076.5 2 1.41421
2077.5 3 1.73205
2078.5 7 2.64575
2079.5 2 1.41421
2080.5 4 2
2081.5 7 2.64575
2082.5 6 2.44949
2083.5 5 2.23607
2084.5 4 2
2085.5 5 2.23607
2086.5 5 2.23607
2087.5 8 2.82843
2088.5 3 1.73205
2089.5 2 1.41421
2090.5 5 2.23607
2091.5 1 1
2092.5 5 2.23607
2093.5 2 1.41421
2094.5 5 2.23607
2095.5 4 2
2096.5 3 1.73205
2097.5 6 2.44949
2098.5 1 1
2099.5 2 1.41421
2100.5 3 1.73205
2101.5 5 2.23607
2102.5 5 2.23607
2103.5 4 2
2104.5 8 2.82843
2105.5 6 2.44949
2106.5 4 2
2107.5 8 2.82843
2108.5 5 2.23607
2109.5 3 1.73205
2110.5 9 3
2111.5 2 1.41421
2112.5 4 2
2113.5 4 2
2114.5 5 2.23607
2115.5 5 2.23607
2116.5 4 2
2117.5 4 2
2118.5 8 2.82843
2119.5 2 1.41421
2120.5 4 2
2121.5 3 1.73205
2122.5 5 2.23607
2123.5 6 2.44949
2124.5 8 2.82843
2125.5 5 2.23607
2126.5 3 1.73205
2127.5 0 1
2128.5 3 1.73205
2129.5 4 2
2130.5 8 2.82843
2131.5 3 1.73205
2132.5 1 1
2133.5 3 1.73205
2134.5 3 1.73205
2135.5 7 2.64575
2136.5 7 2.64575
2137.5 1 1
2138.5 4 2
2139.5 5 2.23607
2140.5 5 2.23607
2141.5 2 1.41421
2142.5 4 2
2143.5 3 1.73205
2144.5 5 2.23607
2145.5 4 2
2146.5 2 1.41421
2147.5 4 2
2148.5 4 2
2149.5 7 2.64575
2150.5 6 2.44949
2151.5 5 2.23607
2152.5 4 2
2153.5 5 2.23607
2154.5 11 3.31662
2155.5 3 1.73205
2156.5 4 2
2157.5 7 2.64575
2158.5 5 2.23607
2159.5 3 1.73205
2160.5 5 2.23607
2161.5 4 2
2162.5 4 2
2163.5 8 2.82843
2164.5 7 2.64575
2165.5 3 1.73205
2166.5 4 2
2167.5 2 1.41421
2168.5 4 2
2169.5 9 3
2170.5 6 2.44949
2171.5 4 2
2172.5 7 2.64575
2173.5 5 2.23607
2174.5 5 2.23607
2175.5 5 2.23607
2176.5 3 1.73205
2177.5 2 1.41421
2178.5 7 2.64575
2179.5 1 1
2180.5 3 1.73205
2181.5 4 2
2182.5 4 2
2183.5 3 1.73205
2184.5 6 2.44949
2185.5 0 1
2186.5 6 2.44949
2187.5 7 2.64575
2188.5 6 2.44949
2189.5 8 2.82843
2190.5 3 1.73205
2191.5 6 2.44949
2192.5 3 1.73205
2193.5 3 1.73205
2194.5 6 2.44949
2195.5 3 1.73205
2196.5 5 2.23607
2197.5 6 2.44949
2198.5 7 2.64575
2199.5 8 2.82843
2200.5 1 1
2201.5 5 2.23607
2202.5 1 1
2203.5 3 1.73205
2204.5 1 1
2205.5 2 1.41421
2206.5 5 2.23607
2207.5 3 1.73205
2208.5 4 2
2209.5 4 2
2210.5 5 2.23607
2211.5 8 2.82843
2212.5 3 1.73205
2213.5 9 3
2214.5 6 2.44949
2215.5 6 2.44949
2216.5 6 2.44949
2217.5 7 2.64575
2218.5 2 1.41421
2219.5 8 2.82843
2220.5 5 2.23607
2221.5 5 2.23607
2222.5 4 2
2223.5 3 1.73205
2224.5 7 2.64575
2225.5 4 2
2226.5 6 2.44949
2227.5 3 1.73205
2228.5 3 1.73205
2229.5 3 1.73205
2230.5 7 2.64575
2231.5 2 1.41421
2232.5 3 1.73205
2233.5 6 2.44949
2234.5 2 1.41421
2235.5 5 2.23607
2236.5 1 1
2237.5 1 1
2238.5 1 1
2239.5 5 2.23607
2240.5 2 1.41421
2241.5 3 1.73205
2242.5 7 2.64575
2243.5 5 2.23607
2244.5 2 1.41421
2245.5 2 1.41421
2246.5 2 1.41421
2247.5 4 2
2248.5 3 1.73205
2249.5 5 2.23607
2250.5 0 1
2251.5 5 2.23607
2252.5 3 1.73205
2253.5 4 2
2254.5 5 2.23607
2255.5 9 3
2256.5 4 2
2257.5 4 2
2258.5 3 1.73205
2259.5 8 2.82843
2260.5 5 2.23607
2261.5 4 2
2262.5 4 2
2263.5 9 3
2264.5 10 3.16228
2265.5 3 1.73205
2266.5 6 2.44949
2267.5 6 2.44949
2268.5 3 1.73205
2269.5 2 1.41421
2270.5 1 1
2271.5 3 1.73205
2272.5 3 1.73205
2273.5 4 2
2274.5 1 1
2275.5 3 1.73205
2276.5 1 1
2277.5 2 1.41421
2278.5 3 1.73205
2279.5 4 2
2280.5 1 1
2281.5 2 1.41421
2282.5 3 1.73205
2283.5 3 1.73205
2284.5 4 2
2285.5 4 2
2286.5 3 1.73205
2287.5 3 1.73205
2288.5 3 1.73205
2289.5 2 1.41421
2290.5 2 1.41421
2291.5 2 1.41421
2292.5 6 2.44949
2293.5 4 2
2294.5 2 1.41421
2295.5 4 2
2296.5 2 1.41421
2297.5 3 1.73205
2298.5 5 2.23607
2299.5 1 1
2300.5 7 2.64575
2301.5 6 2.44949
2302.5 1 1
2303.5 7 2.64575
2304.5 5 2.23607
2305.5 1 1
2306.5 1 1
2307.5 0 1
2308.5 2 1.41421
2309.5 1 1
2310.5 5 2.23607
2311.5 4 2
2312.5 4 2
2313.5 5 2.23607
2314.5 4 2
2315.5 4 2
2316.5 5 2.23607
2317.5 7 2.64575
2318.5 2 1.41421
2319.5 4 2
2320.5 6 2.44949
2321.5 1 1
2322.5 5 2.23607
2323.5 5 2.23607
2324.5 4 2
2325.5 2 1.41421
2326.5 5 2.23607
2327.5 4 2
2328.5 8 2.82843
2329.5 6 2.44949
2330.5 8 2.82843
2331.5 1 1
2332.5 2 1.41421
2333.5 2 1.41421
2334.5 4 2
2335.5 2 1.41421
2336.5 4 2
2337.5 1 1
2338.5 1 1
2339.5 5 2.23607
2340.5 1 1
2341.5 5 2.23607
2342.5 2 1.41421
2343.5 7 2.64575
2344.5 2 1.41421
2345.5 2 1.41421
2346.5 1 1
2347.5 3 1.73205
2348.5 5 2.23607
2349.5 1 1
2350.5 5 2.23607
2351.5 7 2.64575
2352.5 5 2.23607
2353.5 4 2
2354.5 7 2.64575
2355.5 4 2
2356.5 1 1
2357.5 6 2.44949
2358.5 1 1
2359.5 4 2
2360.5 1 1
2361.5 5 2.23607
2362.5 0 1
2363.5 2 1.41421
2364.5 7 2.64575
2365.5 5 2.23607
2366.5 3 1.73205
2367.5 1 1
2368.5 3 1.73205
2369.5 6 2.44949
2370.5 4 2
2371.5 4 2
2372.5 2 1.41421
2373.5 3 1.73205
2374.5 4 2
2375.5 2 1.41421
2376.5 2 1.41421
2377.5 2 1.41421
2378.5 2 1.41421
2379.5 1 1
2380.5 8 2.82843
2381.5 9 3
2382.5 4 2
2383.5 7 2.64575
2384.5 3 1.73205
2385.5 4 2
2386.5 1 1
2387.5 2 1.41421
2388.5 3 1.73205
2389.5 7 2.64575
2390.5 5 2.23607
2391.5 3 1.73205
2392.5 9 3
2393.5 2 1.41421
2394.5 3 1.73205
2395.5 5 2.23607
2396.5 4 2
2397.5 3 1.73205
2398.5 0 1
2399.5 3 1.73205
2400.5 7 2.64575
2401.5 1 1
2402.5 3 1.73205
2403.5 1 1
2404.5 3 1.73205
2405.5 3 1.73205
2406.5 3 1.73205
2407.5 2 1.41421
2408.5 0 1
2409.5 2 1.41421
2410.5 2 1.41421
2411.5 6 2.44949
2412.5 4 2
2413.5 3 1.73205
2414.5 3 1.73205
2415.5 3 1.73205
2416.5 3 1.73205
2417.5 3 1.73205
2418.5 5 2.23607
2419.5 4 2
2420.5 1 1
2421.5 3 1.73205
2422.5 1 1
2423.5 1 1
2424.5 3 1.73205
2425.5 4 2
2426.5 4 2
2427.5 1 1
2428.5 6 2.44949
2429.5 1 1
2430.5 2 1.41421
2431.5 3 1.73205
2432.5 4 2
2433.5 3 1.73205
2434.5 1 1
2435.5 2 1.41421
2436.5 2 1.41421
2437.5 4 2
2438.5 8 2.82843
2439.5 1 1
2440.5 4 2
2441.5 1 1
2442.5 3 1.73205
2443.5 3 1.73205
2444.5 3 1.73205
2445.5 2 1.41421
2446.5 2 1.41421
2447.5 2 1.41421
2448.5 9 3
2449.5 6 2.44949
2450.5 5 2.23607
2451.5 2 1.41421
2452.5 3 1.73205
2453.5 3 1.73205
2454.5 5 2.23607
2455.5 3 1.73205
2456.5 4 2
2457.5 4 2
2458.5 4 2
2459.5 3 1.73205
2460.5 2 1.41421
2461.5 4 2
2462.5 4 2
2463.5 2 1.41421
2464.5 4 2
2465.5 3 1.73205
2466.5 6 2.44949
2467.5 4 2
2468.5 5 2.23607
2469.5 1 1
2470.5 5 2.23607
2471.5 5 2.23607
2472.5 1 1
2473.5 2 1.41421
2474.5 2 1.41421
2475.5 1 1
2476.5 1 1
2477.5 1 1
2478.5 1 1
2479.5 3 1.73205
2480.5 0 1
2481.5 2 1.41421
2482.5 4 2
2483.5 3 1.73205
2484.5 1 1
2485.5 4 2
2486.5 2 1.41421
2487.5 1 1
2488.5 1 1
2489.5 5 2.23607
2490.5 3 1.73205
2491.5 6 2.44949
2492.5 2 1.41421
2493.5 1 1
2494.5 2 1.41421
2495.5 2 1.41421
2496.5 0 1
2497.5 4 2
2498.5 0 1
2499.5 5 2.23607
2500.5 2 1.41421
2501.5 2 1.41421
2502.5 1 1
2503.5 0 1
2504.5 1 1
2505.5 2 1.41421
2506.5 0 1
2507.5 4 2
2508.5 0 1
2509.5 1 1
2510.5 0 1
2511.5 1 1
2512.5 1 1
2513.5 0 1
2514.5 4 2
2515.5 1 1
2516.5 0 1
2517.5 2 1.41421
2518.5 4 2
2519.5 1 1
2520.5 1 1
2521.5 3 1.73205
2522.5 3 1.73205
2523.5 0 1
2524.5 0 1
2525.5 2 1.41421
2526.5 2 1.41421
2527.5 1 1
2528.5 0 1
2529.5 1 1
2530.5 1 1
2531.5 1 1
2532.5 1 1
2533.5 2 1.41421
2534.5 1 1
2535.5 2 1.41421
2536.5 1 1
2537.5 1 1
2538.5 1 1
2539.5 1 1
2540.5 0 1
2541.5 1 1
2542.5 0 1
2543.5 0 1
2544.5 4 2
2545.5 0 1
2546.5 2 1.41421
2547.5 1 1
2548.5 4 2
2549.5 0 1
2550.5 0 1
2551.5 0 1
2552.5 0 1
2553.5 1 1
2554.5 0 1
2555.5 2 1.41421
2556.5 1 1
2557.5 1 1
2558.5 1 1
2559.5 0 1
2560.5 1 1
2561.5 3 1.73205
2562.5 1 1
2563.5 1 1
2564.5 0 1
2565.5 0 1
2566.5 0 1
2567.5 1 1
2568.5 0 1
2569.5 0 1
2570.5 1 1
2571.5 4 2
2572.5 3 1.73205
2573.5 0 1
2574.5 2 1.41421
2575.5 0 1
2576.5 1 1
2577.5 0 1
2578.5 1 1
2579.5 1 1
2580.5 1 1
2581.5 0 1
2582.5 2 1.41421
2583.5 1 1
2584.5 2 1.41421
2585.5 1 1
2586.5 1 1
2587.5 1 1
2588.5 2 1.41421
2589.5 1 1
2590.5 0 1
2591.5 0 1
2592.5 2 1.41421
2593.5 1 1
2594.5 2 1.41421
2595.5 0 1
2596.5 2 1.41421
2597.5 1 1
2598.5 2 1.41421
2599.5 0 1
2600.5 0 1
2601.5 0 1
2602.5 0 1
2603.5 0 1
2604.5 2 1.41421
2605.5 4 2
2606.5 0 1
2607.5 1 1
2608.5 0 1
2609.5 3 1.73205
2610.5 2 1.41421
2611.5 2 1.41421
2612.5 1 1
2613.5 2 1.41421
2614.5 1 1
2615.5 1 1
2616.5 0 1
2617.5 0 1
2618.5 0 1
2619.5 0 1
2620.5 0 1
2621.5 0 1
2622.5 1 1
2623.5 0 1
2624.5 0 1
2625.5 2 1.41421
2626.5 1 1
2627.5 2 1.41421
2628.5 1 1
2629.5 0 1
2630.5 2 1.41421
2631.5 2 1.41421
2632.5 3 1.73205
2633.5 1 1
2634.5 2 1.41421
2635.5 2 1.41421
2636.5 0 1
2637.5 0 1
2638.5 0 1
2639.5 3 1.73205
2640.5 1 1
2641.5 1 1
2642.5 0 1
2643.5 0 1
2644.5 1 1
2645.5 1 1
2646.5 0 1
2647.5 2 1.41421
2648.5 1 1
2649.5 0 1
2650.5 0 1
2651.5 1 1
2652.5 1 1
2653.5 1 1
2654.5 1 1
2655.5 0 1
2656.5 1 1
2657.5 0 1
2658.5 0 1
2659.5 0 1
2660.5 1 1
2661.5 0 1
2662.5 0 1
2663.5 0 1
2664.5 0 1
2665.5 0 1
2666.5 0 1
2667.5 0 1
2668.5 0 1
2669.5 0 1
2670.5 3 1.73205
2671.5 1 1
2672.5 1 1
2673.5 0 1
2674.5 0 1
2675.5 0 1
2676.5 0 1
2677.5 0 1
2678.5 0 1
2679.5 0 1
2680.5 2 1.41421
2681.5 1 1
2682.5 0 1
2683.5 1 1
2684.5 1 1
2685.5 1 1
2686.5 0 1
2687.5 1 1
2688.5 0 1
2689.5 1 1
2690.5 1 1
2691.5 0 1
2692.5 1 1
2693.5 0 1
2694.5 2 1.41421
2695.5 1 1
2696.5 1 1
2697.5 1 1
2698.5 0 1
2699.5 0 1
2700.5 1 1
2701.5 0 1
2702.5 1 1
2703.5 2 1.41421
2704.5 0 1
2705.5 1 1
2706.5 0 1
2707.5 2 1.41421
2708.5 0 1
2709.5 1 1
2710.5 0 1
2711.5 0 1
2712.5 1 1
2713.5 0 1
2714.5 0 1
2715.5 0 1
2716.5 2 1.41421
2717.5 0 1
2718.5 1 1
2719.5 0 1
2720.5 0 1
2721.5 0 1
2722.5 1 1
2723.5 0 1
2724.5 0 1
2725.5 2 1.41421
2726.5 0 1
2727.5 0 1
2728.5 0 1
2729.5 0 1
2730.5 0 1
2731.5 0 1
2732.5 1 1
2733.5 0 1
2734.5 1 1
2735.5 0 1
2736.5 1 1
2737.5 0 1
2738.5 0 1
2739.5 0 1
2740.5 2 1.41421
2741.5 2 1.41421
2742.5 1 1
2743.5 0 1
2744.5 0 1
2745.5 0 1
2746.5 1 1
2747.5 1 1
2748.5 0 1
2749.5 2 1.41421
2750.5 0 1
2751.5 0 1
2752.5 1 1
2753.5 1 1
2754.5 1 1
2755.5 1 1
2756.5 1 1
2757.5 0 1
2758.5 1 1
2759.5 0 1
2760.5 0 1
2761.5 0 1
2762.5 1 1
2763.5 1 1
2764.5 0 1
2765.5 0 1
2766.5 0 1
2767.5 1 1
2768.5 0 1
2769.5 1 1
2770.5 0 1
2771.5 3 1.73205
2772.5 0 1
2773.5 1 1
2774.5 0 1
2775.5 0 1
2776.5 0 1
2777.5 1 1
2778.5 0 1
2779.5 2 1.41421
2780.5 0 1
2781.5 1 1
2782.5 0 1
2783.5 0 1
2784.5 0 1
2785.5 1 1
2786.5 0 1
2787.5 0 1
2788.5 1 1
2789.5 0 1
2790.5 0 1
2791.5 1 1
2792.5 1 1
2793.5 2 1.41421
2794.5 0 1
2795.5 0 1
2796.5 1 1
2797.5 0 1
2798.5 1 1
2799.5 0 1
2800.5 0 1
2801.5 0 1
2802.5 0 1
2803.5 0 1
2804.5 1 1
2805.5 0 1
2806.5 0 1
2807.5 1 1
2808.5 0 1
2809.5 0 1
2810.5 1 1
2811.5 1 1
2812.5 1 1
2813.5 0 1
2814.5 0 1
2815.5 1 1
2816.5 0 1
2817.5 0 1
2818.5 0 1
2819.5 0 1
2820.5 0 1
2821.5 1 1
2822.5 0 1
2823.5 0 1
2824.5 0 1
2825.5 0 1
2826.5 0 1
2827.5 0 1
2828.5 0 1
2829.5 1 1
2830.5 0 1
2831.5 1 1
2832.5 2 1.41421
2833.5 0 1
2834.5 1 1
2835.5 1 1
2836.5 2 1.41421
2837.5 0 1
2838.5 3 1.73205
2839.5 1 1
2840.5 1 1
2841.5 1 1
2842.5 0 1
2843.5 1 1
2844.5 1 1
2845.5 1 1
2846.5 0 1
2847.5 0 1
2848.5 1 1
2849.5 0 1
2850.5 4 2
2851.5 1 1
2852.5 0 1
2853.5 2 1.41421
2854.5 0 1
2855.5 1 1
2856.5 1 1
2857.5 2 1.41421
2858.5 0 1
2859.5 1 1
2860.5 0 1
2861.5 0 1
2862.5 0 1
2863.5 0 1
2864.5 1 1
2865.5 1 1
2866.5 2 1.41421
2867.5 0 1
2868.5 0 1
2869.5 1 1
2870.5 1 1
2871.5 1 1
2872.5 0 1
2873.5 1 1
2874.5 0 1
2875.5 0 1
2876.5 0 1
2877.5 0 1
2878.5 0 1
2879.5 0 1
2880.5 0 1
2881.5 0 1
2882.5 0 1
2883.5 0 1
2884.5 0 1
2885.5 2 1.41421
2886.5 0 1
2887.5 0 1
2888.5 1 1
2889.5 0 1
2890.5 1 1
2891.5 0 1
2892.5 0 1
2893.5 1 1
2894.5 0 1
2895.5 2 1.41421
2896.5 1 1
2897.5 1 1
2898.5 0 1
2899.5 2 1.41421
2900.5 0 1
2901.5 1 1
2902.5 0 1
2903.5 1 1
2904.5 0 1
2905.5 0 1
2906.5 0 1
2907.5 1 1
2908.5 0 1
2909.5 0 1
2910.5 0 1
2911.5 3 1.73205
2912.5 0 1
2913.5 1 1
2914.5 0 1
2915.5 1 1
2916.5 1 1
2917.5 0 1
2918.5 1 1
2919.5 1 1
2920.5 0 1
2921.5 1 1
2922.5 0 1
2923.5 2 1.41421
2924.5 0 1
2925.5 0 1
2926.5 0 1
2927.5 0 1
2928.5 1 1
2929.5 2 1.41421
2930.5 0 1
2931.5 0 1
2932.5 1 1
2933.5 1 1
2934.5 0 1
2935.5 2 1.41421
2936.5 1 1
2937.5 1 1
2938.5 0 1
2939.5 0 1
2940.5 0 1
2941.5 1 1
2942.5 0 1
2943.5 1 1
2944.5 2 1.41421
2945.5 1 1
2946.5 0 1
2947.5 0 1
2948.5 0 1
2949.5 0 1
2950.5 0 1
2951.5 1 1
2952.5 1 1
2953.5 1 1
2954.5 1 1
2955.5 1 1
2956.5 2 1.41421
2957.5 1 1
2958.5 0 1
2959.5 2 1.41421
2960.5 2 1.41421
2961.5 2 1.41421
2962.5 0 1
2963.5 1 1
2964.5 1 1
2965.5 0 1
2966.5 0 1
2967.5 0 1
2968.5 1 1
2969.5 0 1
2970.5 0 1
2971.5 2 1.41421
2972.5 2 1.41421
2973.5 1 1
2974.5 0 1
2975.5 0 1
2976.5 0 1
2977.5 1 1
2978.5 1 1
2979.5 0 1
2980.5 1 1
2981.5 1 1
2982.5 1 1
2983.5 0 1
2984.5 1 1
2985.5 0 1
2986.5 1 1
2987.5 0 1
2988.5 2 1.41421
2989.5 1 1
2990.5 2 1.41421
2991.5 0 1
2992.5 1 1
2993.5 2 1.41421
2994.5 0 1
2995.5 3 1.73205
2996.5 0 1
2997.5 1 1
2998.5 0 1
2999.5 1 1
3000.5 0 1
3001.5 0 1
3002.5 1 1
3003.5 0 1
3004.5 1 1
3005.5 0 1
3006.5 1 1
3007.5 1 1
3008.5 2 1.41421
3009.5 2 1.41421
3010.5 0 1
3011.5 1 1
3012.5 1 1
3013.5 0 1
3014.5 1 1
3015.5 0 1
3016.5 0 1
3017.5 2 1.41421
3018.5 0 1
3019.5 1 1
3020.5 0 1
3021.5 0 1
3022.5 0 1
3023.5 2 1.41421
3024.5 1 1
3025.5 0 1
3026.5 1 1
3027.5 0 1
3028.5 0 1
3029.5 1 1
3030.5 1 1
3031.5 0 1
3032.5 1 1
3033.5 0 1
3034.5 2 1.41421
3035.5 0 1
3036.5 0 1
3037.5 2 1.41421
3038.5 1 1
3039.5 0 1
3040.5 1 1
3041.5 0 1
3042.5 0 1
3043.5 0 1
3044.5 0 1
3045.5 0 1
3046.5 0 1
3047.5 1 1
3048.5 1 1
3049.5 0 1
3050.5 1 1
3051.5 0 1
3052.5 0 1
3053.5 3 1.73205
3054.5 1 1
3055.5 0 1
3056.5 0 1
3057.5 0 1
3058.5 0 1
3059.5 0 1
3060.5 0 1
3061.5 2 1.41421
3062.5 2 1.41421
3063.5 0 1
3064.5 1 1
3065.5 1 1
3066.5 0 1
3067.5 0 1
3068.5 0 1
3069.5 2 1.41421
3070.5 1 1
3071.5 1 1
3072.5 2 1.41421
3073.5 1 1
3074.5 1 1
3075.5 0 1
3076.5 1 1
3077.5 3 1.73205
3078.5 0 1
3079.5 0 1
3080.5 0 1
3081.5 1 1
3082.5 2 1.41421
3083.5 0 1
3084.5 0 1
3085.5 2 1.41421
3086.5 0 1
3087.5 1 1
3088.5 1 1
3089.5 1 1
3090.5 0 1
3091.5 0 1
3092.5 0 1
3093.5 0 1
3094.5 0 1
3095.5 0 1
3096.5 1 1
3097.5 0 1
3098.5 1 1
3099.5 1 1
3100.5 1 1
3101.5 0 1
3102.5 0 1
3103.5 0 1
3104.5 0 1
3105.5 0 1
3106.5 0 1
3107.5 0 1
3108.5 0 1
3109.5 0 1
3110.5 0 1
3111.5 1 1
3112.5 0 1
3113.5 1 1
3114.5 1 1
3115.5 0 1
3116.5 0 1
3117.5 1 1
3118.5 1 1
3119.5 0 1
3120.5 0 1
3121.5 0 1
3122.5 0 1
3123.5 1 1
3124.5 1 1
3125.5 1 1
3126.5 0 1
3127.5 1 1
3128.5 1 1
3129.5 0 1
3130.5 1 1
3131.5 1 1
3132.5 1 1
3133.5 0 1
3134.5 0 1
3135.5 0 1
3136.5 1 1
3137.5 0 1
3138.5 1 1
3139.5 1 1
3140.5 1 1
3141.5 0 1
3142.5 0 1
3143.5 1 1
3144.5 0 1
3145.5 2 1.41421
3146.5 0 1
3147.5 1 1
3148.5 0 1
3149.5 0 1
3150.5 1 1
3151.5 1 1
3152.5 0 1
3153.5 0 1
3154.5 0 1
3155.5 0 1
3156.5 1 1
3157.5 2 1.41421
3158.5 0 1
3159.5 0 1
3160.5 0 1
3161.5 0 1
3162.5 0 1
3163.5 1 1
3164.5 1 1
3165.5 1 1
3166.5 0 1
3167.5 0 1
3168.5 0 1
3169.5 3 1.73205
3170.5 1 1
3171.5 0 1
3172.5 0 1
3173.5 1 1
3174.5 1 1
3175.5 0 1
3176.5 2 1.41421
3177.5 1 1
3178.5 1 1
3179.5 1 1
3180.5 0 1
3181.5 0 1
3182.5 0 1
3183.5 0 1
3184.5 0 1
3185.5 0 1
3186.5 1 1
3187.5 0 1
3188.5 1 1
3189.5 0 1
3190.5 0 1
3191.5 1 1
3192.5 1 1
3193.5 0 1
3194.5 0 1
3195.5 3 1.73205
3196.5 1 1
3197.5 0 1
3198.5 1 1
3199.5 1 1
3200.5 2 1.41421
3201.5 0 1
3202.5 1 1
3203.5 1 1
3204.5 1 1
3205.5 0 1
3206.5 0 1
3207.5 0 1
3208.5 0 1
3209.5 1 1
3210.5 0 1
3211.5 0 1
3212.5 2 1.41421
3213.5 0 1
3214.5 0 1
3215.5 0 1
3216.5 1 1
3217.5 2 1.41421
3218.5 0 1
3219.5 1 1
3220.5 0 1
3221.5 1 1
3222.5 0 1
3223.5 0 1
3224.5 0 1
3225.5 1 1
3226.5 0 1
3227.5 0 1
3228.5 2 1.41421
3229.5 0 1
3230.5 0 1
3231.5 0 1
3232.5 0 1
3233.5 1 1
3234.5 0 1
3235.5 1 1
3236.5 0 1
3237.5 0 1
3238.5 1 1
3239.5 1 1
3240.5 0 1
3241.5 0 1
3242.5 0 1
3243.5 1 1
3244.5 2 1.41421
3245.5 2 1.41421
3246.5 0 1
3247.5 0 1
3248.5 1 1
3249.5 1 1
3250.5 0 1
3251.5 0 1
3252.5 0 1
3253.5 0 1
3254.5 0 1
3255.5 0 1
3256.5 0 1
3257.5 1 1
3258.5 1 1
3259.5 0 1
3260.5 1 1
3261.5 0 1
3262.5 1 1
3263.5 0 1
3264.5 1 1
3265.5 0 1
3266.5 0 1
3267.5 0 1
3268.5 0 1
3269.5 1 1
3270.5 0 1
3271.5 0 1
3272.5 2 1.41421
3273.5 0 1
3274.5 1 1
3275.5 0 1
3276.5 0 1
3277.5 0 1
3278.5 0 1
3279.5 0 1
3280.5 0 1
3281.5 0 1
3282.5 0 1
3283.5 1 1
3284.5 0 1
3285.5 0 1
3286.5 0 1
3287.5 0 1
3288.5 0 1
3289.5 1 1
3290.5 0 1
3291.5 0 1
3292.5 0 1
3293.5 0 1
3294.5 0 1
3295.5 0 1
3296.5 1 1
3297.5 1 1
3298.5 0 1
3299.5 0 1
3300.5 2 1.41421
3301.5 0 1
3302.5 1 1
3303.5 0 1
3304.5 0 1
3305.5 0 1
3306.5 0 1
3307.5 0 1
3308.5 1 1
3309.5 0 1
3310.5 0 1
3311.5 0 1
3312.5 0 1
3313.5 1 1
3314.5 0 1
3315.5 0 1
3316.5 0 1
3317.5 0 1
3318.5 0 1
3319.5 0 1
3320.5 0 1
3321.5 1 1
3322.5 0 1
3323.5 1 1
3324.5 0 1
3325.5 0 1
3326.5 1 1
3327.5 0 1
3328.5 0 1
3329.5 0 1
3330.5 3 1.73205
3331.5 0 1
3332.5 0 1
3333.5 1 1
3334.5 0 1
3335.5 0 1
3336.5 0 1
3337.5 0 1
3338.5 0 1
3339.5 0 1
3340.5 0 1
3341.5 0 1
3342.5 0 1
3343.5 0 1
3344.5 1 1
3345.5 0 1
3346.5 0 1
3347.5 0 1
3348.5 1 1
3349.5 2 1.41421
3350.5 0 1
3351.5 0 1
3352.5 1 1
3353.5 0 1
3354.5 2 1.41421
3355.5 0 1
3356.5 0 1
3357.5 0 1
3358.5 0 1
3359.5 0 1
3360.5 0 1
3361.5 0 1
3362.5 0 1
3363.5 1 1
3364.5 1 1
3365.5 1 1
3366.5 0 1
3367.5 1 1
3368.5 0 1
3369.5 2 1.41421
3370.5 0 1
3371.5 0 1
3372.5 1 1
3373.5 0 1
3374.5 0 1
3375.5 1 1
3376.5 1 1
3377.5 0 1
3378.5 0 1
3379.5 0 1
3380.5 0 1
3381.5 0 1
3382.5 1 1
3383.5 0 1
3384.5 0 1
3385.5 0 1
3386.5 0 1
3387.5 0 1
3388.5 0 1
3389.5 0 1
3390.5 1 1
3391.5 0 1
3392.5 0 1
3393.5 0 1
3394.5 0 1
3395.5 1 1
3396.5 0 1
3397.5 0 1
3398.5 2 1.41421
3399.5 0 1
3400.5 0 1
3401.5 1 1
3402.5 1 1
3403.5 2 1.41421
3404.5 2 1.41421
3405.5 0 1
3406.5 0 1
3407.5 0 1
3408.5 1 1
3409.5 0 1
3410.5 2 1.41421
3411.5 0 1
3412.5 0 1
3413.5 0 1
3414.5 2 1.41421
3415.5 0 1
3416.5 0 1
3417.5 2 1.41421
3418.5 0 1
3419.5 0 1
3420.5 0 1
3421.5 0 1
3422.5 0 1
3423.5 0 1
3424.5 0 1
3425.5 0 1
3426.5 1 1
3427.5 0 1
3428.5 0 1
3429.5 0 1
3430.5 0 1
3431.5 0 1
3432.5 3 1.73205
3433.5 1 1
3434.5 1 1
3435.5 0 1
3436.5 0 1
3437.5 0 1
3438.5 1 1
3439.5 1 1
3440.5 0 1
3441.5 0 1
3442.5 0 1
3443.5 0 1
3444.5 0 1
3445.5 0 1
3446.5 0 1
3447.5 1 1
3448.5 0 1
3449.5 0 1
3450.5 0 1
3451.5 1 1
3452.5 0 1
3453.5 1 1
3454.5 0 1
3455.5 0 1
3456.5 0 1
3457.5 0 1
3458.5 1 1
3459.5 0 1
3460.5 1 1
3461.5 0 1
3462.5 0 1
3463.5 1 1
3464.5 1 1
3465.5 0 1
3466.5 0 1
3467.5 0 1
3468.5 1 1
3469.5 0 1
3470.5 1 1
3471.5 0 1
3472.5 1 1
3473.5 1 1
3474.5 0 1
3475.5 0 1
3476.5 0 1
3477.5 2 1.41421
3478.5 1 1
3479.5 0 1
3480.5 1 1
3481.5 0 1
3482.5 0 1
3483.5 0 1
3484.5 1 1
3485.5 0 1
3486.5 0 1
3487.5 3 1.73205
3488.5 1 1
3489.5 0 1
3490.5 1 1
3491.5 0 1
3492.5 0 1
3493.5 0 1
3494.5 0 1
3495.5 0 1
3496.5 2 1.41421
3497.5 0 1
3498.5 0 1
3499.5 0 1
3500.5 0 1
3501.5 0 1
3502.5 0 1
3503.5 1 1
3504.5 0 1
3505.5 0 1
3506.5 2 1.41421
3507.5 0 1
3508.5 0 1
3509.5 0 1
3510.5 1 1
3511.5 0 1
3512.5 0 1
3513.5 1 1
3514.5 0 1
3515.5 1 1
3516.5 0 1
3517.5 2 1.41421
3518.5 1 1
3519.5 0 1
3520.5 0 1
3521.5 0 1
3522.5 0 1
3523.5 1 1
3524.5 1 1
3525.5 2 1.41421
3526.5 1 1
3527.5 0 1
3528.5 1 1
3529.5 2 1.41421
3530.5 0 1
3531.5 0 1
3532.5 0 1
3533.5 0 1
3534.5 0 1
3535.5 1 1
3536.5 0 1
3537.5 0 1
3538.5 1 1
3539.5 0 1
3540.5 1 1
3541.5 0 1
3542.5 0 1
3543.5 1 1
3544.5 1 1
3545.5 0 1
3546.5 0 1
3547.5 0 1
3548.5 0 1
3549.5 0 1
3550.5 0 1
3551.5 1 1
3552.5 1 1
3553.5 1 1
3554.5 0 1
3555.5 0 1
3556.5 0 1
3557.5 1 1
3558.5 0 1
3559.5 2 1.41421
3560.5 0 1
3561.5 0 1
3562.5 0 1
3563.5 0 1
3564.5 0 1
3565.5 1 1
3566.5 1 1
3567.5 0 1
3568.5 0 1
3569.5 0 1
3570.5 1 1
3571.5 0 1
3572.5 0 1
3573.5 0 1
3574.5 1 1
3575.5 2 1.41421
3576.5 1 1
3577.5 0 1
3578.5 0 1
3579.5 0 1
3580.5 0 1
3581.5 0 1
3582.5 0 1
3583.5 0 1
3584.5 0 1
3585.5 0 1
3586.5 0 1
3587.5 0 1
3588.5 0 1
3589.5 0 1
3590.5 1 1
3591.5 1 1
3592.5 1 1
3593.5 1 1
3594.5 0 1
3595.5 0 1
3596.5 0 1
3597.5 0 1
3598.5 0 1
3599.5 1 1
3600.5 1 1
3601.5 0 1
3602.5 0 1
3603.5 0 1
3604.5 0 1
3605.5 1 1
3606.5 0 1
3607.5 0 1
3608.5 0 1
3609.5 0 1
3610.5 0 1
3611.5 0 1
3612.5 0 1
3613.5 2 1.41421
3614.5 0 1
3615.5 0 1
3616.5 0 1
3617.5 0 1
3618.5 0 1
3619.5 0 1
3620.5 1 1
3621.5 0 1
3622.5 0 1
3623.5 1 1
3624.5 0 1
3625.5 0 1
3626.5 0 1
3627.5 0 1
3628.5 0 1
3629.5 0 1
3630.5 1 1
3631.5 0 1
3632.5 0 1
3633.5 0 1
3634.5 0 1
3635.5 1 1
3636.5 0 1
3637.5 1 1
3638.5 0 1
3639.5 0 1
3640.5 0 1
3641.5 0 1
3642.5 0 1
3643.5 1 1
3644.5 0 1
3645.5 1 1
3646.5 0 1
3647.5 1 1
3648.5 1 1
3649.5 0 1
3650.5 0 1
3651.5 0 1
3652.5 1 1
3653.5 0 1
3654.5 1 1
3655.5 1 1
3656.5 0 1
3657.5 1 1
3658.5 0 1
3659.5 0 1
3660.5 0 1
3661.5 0 1
3662.5 0 1
3663.5 0 1
3664.5 0 1
3665.5 0 1
3666.5 0 1
3667.5 0 1
3668.5 0 1
3669.5 2 1.41421
3670.5 0 1
3671.5 0 1
3672.5 1 1
3673.5 0 1
3674.5 1 1
3675.5 0 1
3676.5 0 1
3677.5 0 1
3678.5 0 1
3679.5 0 1
3680.5 1 1
3681.5 0 1
3682.5 0 1
3683.5 0 1
3684.5 0 1
3685.5 1 1
3686.5 0 1
3687.5 1 1
3688.5 0 1
3689.5 1 1
3690.5 1 1
3691.5 0 1
3692.5 1 1
3693.5 0 1
3694.5 0 1
3695.5 0 1
3696.5 0 1
3697.5 1 1
3698.5 0 1
3699.5 0 1
3700.5 0 1
3701.5 0 1
3702.5 0 1
3703.5 0 1
3704.5 0 1
3705.5 0 1
3706.5 0 1
3707.5 0 1
3708.5 0 1
3709.5 0 1
3710.5 0 1
3711.5 0 1
3712.5 0 1
3713.5 0 1
3714.5 2 1.41421
3715.5 0 1
3716.5 1 1
3717.5 0 1
3718.5 0 1
3719.5 0 1
3720.5 1 1
3721.5 0 1
3722.5 0 1
3723.5 0 1
3724.5 0 1
3725.5 0 1
3726.5 0 1
3727.5 1 1
3728.5 0 1
3729.5 0 1
3730.5 0 1
3731.5 0 1
3732.5 0 1
3733.5 0 1
3734.5 0 1
3735.5 0 1
3736.5 1 1
3737.5 0 1
3738.5 0 1
3739.5 0 1
3740.5 0 1
3741.5 0 1
3742.5 0 1
3743.5 0 1
3744.5 0 1
3745.5 0 1
3746.5 0 1
3747.5 0 1
3748.5 0 1
3749.5 0 1
3750.5 0 1
3751.5 2 1.41421
3752.5 0 1
3753.5 1 1
3754.5 0 1
3755.5 0 1
3756.5 1 1
3757.5 0 1
3758.5 0 1
3759.5 0 1
3760.5 0 1
3761.5 1 1
3762.5 1 1
3763.5 0 1
3764.5 2 1.41421
3765.5 0 1
3766.5 0 1
3767.5 0 1
3768.5 0 1
3769.5 0 1
3770.5 0 1
3771.5 0 1
3772.5 0 1
3773.5 0 1
3774.5 0 1
3775.5 0 1
3776.5 0 1
3777.5 0 1
3778.5 0 1
3779.5 0 1
3780.5 0 1
3781.5 0 1
3782.5 0 1
3783.5 1 1
3784.5 0 1
3785.5 0 1
3786.5 0 1
3787.5 0 1
3788.5 0 1
3789.5 1 1
3790.5 0 1
3791.5 0 1
3792.5 0 1
3793.5 0 1
3794.5 0 1
3795.5 0 1
3796.5 1 1
3797.5 0 1
3798.5 0 1
3799.5 0 1
3800.5 0 1
3801.5 0 1
3802.5 0 1
3803.5 0 1
3804.5 0 1
3805.5 2 1.41421
3806.5 0 1
3807.5 0 1
3808.5 0 1
3809.5 0 1
3810.5 0 1
3811.5 0 1
3812.5 0 1
3813.5 0 1
3814.5 0 1
3815.5 0 1
3816.5 1 1
3817.5 0 1
3818.5 0 1
3819.5 0 1
3820.5 0 1
3821.5 1 1
3822.5 0 1
3823.5 0 1
3824.5 0 1
3825.5 0 1
3826.5 0 1
3827.5 0 1
3828.5 0 1
3829.5 0 1
3830.5 0 1
3831.5 0 1
3832.5 0 1
3833.5 0 1
3834.5 0 1
3835.5 0 1
3836.5 2 1.41421
3837.5 0 1
3838.5 2 1.41421
3839.5 1 1
3840.5 0 1
3841.5 0 1
3842.5 0 1
3843.5 0 1
3844.5 0 1
3845.5 0 1
3846.5 0 1
3847.5 1 1
3848.5 0 1
3849.5 0 1
3850.5 0 1
3851.5 1 1
3852.5 0 1
3853.5 0 1
3854.5 0 1
3855.5 0 1
3856.5 1 1
3857.5 0 1
3858.5 0 1
3859.5 2 1.41421
3860.5 0 1
3861.5 0 1
3862.5 0 1
3863.5 0 1
3864.5 0 1
3865.5 1 1
3866.5 0 1
3867.5 1 1
3868.5 0 1
3869.5 0 1
3870.5 1 1
3871.5 0 1
3872.5 0 1
3873.5 0 1
3874.5 0 1
3875.5 0 1
3876.5 0 1
3877.5 2 1.41421
3878.5 0 1
3879.5 1 1
3880.5 0 1
3881.5 0 1
3882.5 0 1
3883.5 1 1
3884.5 0 1
3885.5 1 1
3886.5 0 1
3887.5 0 1
3888.5 0 1
3889.5 0 1
3890.5 0 1
3891.5 0 1
3892.5 0 1
3893.5 0 1
3894.5 1 1
3895.5 1 1
3896.5 0 1
3897.5 0 1
3898.5 1 1
3899.5 0 1
3900.5 0 1
3901.5 0 1
3902.5 0 1
3903.5 0 1
3904.5 1 1
3905.5 1 1
3906.5 1 1
3907.5 0 1
3908.5 0 1
3909.5 1 1
3910.5 0 1
3911.5 0 1
3912.5 1 1
3913.5 0 1
3914.5 1 1
3915.5 1 1
3916.5 0 1
3917.5 0 1
3918.5 0 1
3919.5 0 1
3920.5 0 1
3921.5 1 1
3922.5 1 1
3923.5 0 1
3924.5 0 1
3925.5 0 1
3926.5 0 1
3927.5 0 1
3928.5 0 1
3929.5 0 1
3930.5 0 1
3931.5 0 1
3932.5 0 1
3933.5 0 1
3934.5 0 1
3935.5 0 1
3936.5 0 1
3937.5 0 1
3938.5 0 1
3939.5 0 1
3940.5 0 1
3941.5 0 1
3942.5 0 1
3943.5 0 1
3944.5 1 1
3945.5 0 1
3946.5 1 1
3947.5 0 1
3948.5 0 1
3949.5 0 1
3950.5 1 1
3951.5 0 1
3952.5 0 1
3953.5 0 1
3954.5 0 1
3955.5 0 1
3956.5 0 1
3957.5 0 1
3958.5 0 1
3959.5 1 1
3960.5 0 1
3961.5 0 1
3962.5 0 1
3963.5 0 1
3964.5 0 1
3965.5 0 1
3966.5 0 1
3967.5 0 1
3968.5 0 1
3969.5 0 1
3970.5 1 1
3971.5 0 1
3972.5 0 1
3973.5 0 1
3974.5 0 1
3975.5 0 1
3976.5 1 1
3977.5 0 1
3978.5 0 1
3979.5 0 1
3980.5 0 1
3981.5 0 1
3982.5 0 1
3983.5 1 1
3984.5 0 1
3985.5 0 1
3986.5 0 1
3987.5 1 1
3988.5 0 1
3989.5 0 1
3990.5 0 1
3991.5 0 1
3992.5 0 1
3993.5 1 1
3994.5 0 1
3995.5 0 1
3996.5 0 1
3997.5 0 1
3998.5 1 1
3999.5 1 1
4000.5 0 1
4001.5 0 1
4002.5 0 1
4003.5 0 1
4004.5 0 1
4005.5 0 1
4006.5 0 1
4007.5 0 1
4008.5 0 1
4009.5 0 1
4010.5 0 1
4011.5 0 1
4012.5 0 1
4013.5 0 1
4014.5 0 1
4015.5 0 1
4016.5 0 1
4017.5 1 1
4018.5 0 1
4019.5 0 1
4020.5 0 1
4021.5 0 1
4022.5 0 1
4023.5 0 1
4024.5 0 1
4025.5 1 1
4026.5 0 1
4027.5 0 1
4028.5 0 1
4029.5 0 1
4030.5 0 1
4031.5 0 1
4032.5 0 1
4033.5 0 1
4034.5 0 1
4035.5 0 1
4036.5 0 1
4037.5 0 1
4038.5 0 1
4039.5 1 1
4040.5 0 1
4041.5 0 1
4042.5 0 1
4043.5 0 1
4044.5 0 1
4045.5 0 1
4046.5 0 1
4047.5 0 1
4048.5 0 1
4049.5 0 1
4050.5 0 1
4051.5 0 1
4052.5 0 1
4053.5 0 1
4054.5 0 1
4055.5 0 1
4056.5 0 1
4057.5 0 1
4058.5 0 1
4059.5 0 1
4060.5 0 1
4061.5 0 1
4062.5 0 1
4063.5 0 1
4064.5 0 1
4065.5 0 1
4066.5 0 1
4067.5 0 1
4068.5 0 1
4069.5 0 1
4070.5 0 1
4071.5 0 1
4072.5 0 1
4073.5 0 1
4074.5 0 1
4075.5 0 1
4076.5 0 1
4077.5 0 1
4078.5 0 1
4079.5 0 1
4080.5 0 1
4081.5 0 1
4082.5 0 1
4083.5 0 1
4084.5 0 1
4085.5 0 1
4086.5 0 1
4087.5 2 1.41421
4088.5 0 1
4089.5 0 1
4090.5 0 1
4091.5 0 1
4092.5 2 1.41421
4093.5 0 1
4094.5 0 1
4095.5 0 1
